100
100 0
624944 624944 624944 624944 624944 624944 624944 624944 624944 624944 624944 624944 624944 624944 624944 624944 624944 624944 624944 624944 624944 624944 624944 624944 624944 624944 624944 624944 624944 624944 624944 624944 624944 624944 624944 624944 624944 624944 624944 624944 624944 624944 624944 624944 624944 624944 624944 624944 624944 624944 624944 624944 624944 624944 624944 624944 624944 624944 624944 624944 624944 624944 624944 624944 624944 624944 624944 624944 624944 624944 624944 624944 624944 624944 624944 624944 624944 624944 624944 624944 624944 624944 624944 624944 624944 624944 624944 624944 624944 624944 624944 624944 624944 624944 624944 624944 624944 624944 624944 624944
100 0
6166 8124 10063 10063 10063 12451 19952 22936 31534 32714 39905 39905 39905 32714 32714 31534 31534 22936 22936 19952 19952 12451 12451 8124 8124 6166 6166 39906 45636 45636 45636 46652 56298 56298 56298 46652 46652 56831 56831 61315 61315 61315 65097 65097 67617 71455 71455 78087 78087 78087 71455 85005 85005 93445 93445 93445 85005 67617 67617 65097 103072 103072 103072 108036 108036 113133 113133 113133 116800 116800 120579 120579 120579 121127 121548 126421 130464 137406 137406 137406 130464 142893 147314 152435 152435 152435 147314 147314 142893 142893 130464 126421 126421 121548 121548 121127 121127 116800 108036 56831
100 0
6990 6990 8252 8252 15295 15295 15295 8252 6990 15296 21020 21020 27842 27842 31834 31834 31834 35574 44543 48095 48095 48095 44543 44543 35574 35574 27842 21020 48465 48465 54440 54440 56057 56057 56057 54440 48465 56058 58361 58361 58361 62630 66497 69349 69349 72042 78992 84675 84675 84675 78992 78992 72042 72042 69349 66497 66497 62630 62630 84676 91968 101835 107328 107328 109501 109501 118786 118786 120866 123390 123390 123390 120866 120866 118786 109501 107328 101835 101835 91968 91968 124123 129252 129252 129252 124123 124123 132941 132941 139321 145802 151002 151002 151002 145802 145802 139321 139321 132941 151003
100 0
7562 7562 7562 7563 9133 9133 9133 9134 18481 18481 18481 18482 26958 26958 26958 26959 31010 31010 31010 31011 38061 38061 38061 38062 40175 40175 40175 40176 49485 49485 49485 49486 57832 57832 57832 57833 61610 61610 61610 61611 69589 69589 69589 69590 70218 70218 70218 70219 79672 79672 79672 79673 83095 83095 83095 83096 88451 88451 88451 88452 95038 95038 95038 95039 97279 97279 97279 97280 100881 100881 100881 100882 103491 103491 103491 103492 109618 109618 109618 109619 109659 109659 109659 109660 116535 116535 116535 116536 124429 124429 124429 124430 129110 129110 129110 129111 138483 138483 138483 138484
100 0
5414 5414 6302 6302 15153 15153 22175 22175 22175 15153 31507 31507 31507 36662 36662 36662 37826 37826 45184 45184 52394 52590 56926 57901 57901 57901 56926 56926 52590 52590 58963 64839 69981 69981 69981 64839 64839 58963 74517 74517 78734 82600 82600 82600 85650 85650 85650 78734 85892 85892 92117 92117 92117 98415 105579 105579 107410 107410 107410 105579 113260 113260 113260 121582 121582 121582 128170 128170 128170 129292 136986 138324 138324 145031 145031 145031 145109 145109 145109 138324 146312 148965 148965 148965 146312 149097 149097 149097 150221 150221 157723 163519 163519 163519 157723 172375 172375 176406 176406 176406
100 0
1 1 1 4 4 4 7 7 7 10 10 10 13 13 13 16 16 16 19 19 19 22 22 22 25 25 25 28 28 28 31 31 31 34 34 34 37 37 37 40 40 40 43 43 43 46 46 46 49 49 49 52 52 52 55 55 55 58 58 58 61 61 61 64 64 64 67 67 67 70 70 70 73 73 73 76 76 76 79 79 79 82 82 82 85 85 85 88 88 88 91 91 91 94 94 94 97 97 97 153487
100 0
7441 7441 7441 8249 11552 11552 11552 8249 8249 11553 18244 18244 18244 19946 29023 29023 29023 19946 19946 29024 29607 38602 38602 39115 39115 39115 38602 29607 29607 39116 39117 39871 44011 44011 45114 45114 45114 44011 39871 39871 51647 51647 51647 60401 60401 60401 66314 66314 66314 66315 68570 68570 68570 69317 69317 69317 72530 72530 72530 72531 72532 74951 74951 76363 76363 76363 84865 84865 84865 74951 84866 91611 91611 96815 101213 101213 101213 96815 96815 91611 110328 110328 110328 110353 110353 111187 111187 111187 110353 111188 120157 120157 125119 132929 132929 132929 125119 125119 120157 132930
100 0
12978 15535 15535 15535 20517 20517 20517 12978 12978 20517 32604 37094 37094 45241 45241 45241 37094 32604 32604 45241 53861 53861 53861 61067 61067 62521 62521 62521 61067 62521 71919 71919 75322 79189 79189 79189 75322 75322 71919 79189 87326 88379 88379 92690 92690 92690 88379 87326 87326 92690 100099 102042 103883 103883 103883 102042 102042 100099 100099 103883 117484 117484 117484 125467 125467 125467 127006 127006 127006 127006 135556 141537 141537 147526 147526 147526 141537 135556 135556 147526 161186 161186 163852 163852 163852 161186 165269 165269 165269 165269 177657 178552 185823 185823 185823 178552 178552 177657 177657 185823
100 0
12322 12322 28871 28871 28871 29359 30489 30489 30489 29359 29359 30489 36911 36911 36911 40225 40225 45440 45440 45440 40225 45440 59363 61755 61919 61919 61919 61755 61755 59363 59363 61919 72506 72506 79384 81337 81337 81337 79384 79384 72506 81337 95613 99639 99639 99639 95613 95613 100424 100424 100424 100424 113695 119985 122596 122596 122596 119985 119985 113695 113695 122596 129220 134934 134934 134934 129220 142957 142957 142957 129220 142957 147388 149488 153172 153172 153172 149488 149488 147388 147388 153172 157170 157170 164789 164789 170307 170307 170307 164789 157170 170307 175215 175215 184578 193964 193964 193964 184578 184578
100 0
2559 9704 15047 19131 19131 24824 26418 26418 32953 32953 32953 34290 34290 34290 26418 24824 24824 19131 15047 15047 34290 47072 47114 56453 56453 57289 57289 57289 56453 47114 59087 68165 68165 75789 75789 75789 68165 59087 59087 47114 75789 85854 85854 85854 95120 97431 103070 103070 103070 97431 97431 110709 113942 114676 114676 114676 113942 113942 110709 110709 114676 118809 118809 120821 124095 124095 124095 120821 132595 135835 135835 138339 146123 146123 146123 138339 138339 135835 132595 132595 146123 152879 161333 168546 170252 170252 170252 168546 179896 179896 187367 187367 188110 188110 188110 187367 179896 168546 161333 161333
100 0
5550 5550 5550 13354 20071 20071 20071 13354 20071 28744 28744 29616 29616 29616 29616 37953 37953 46679 46679 46679 46679 60496 61559 61559 61559 60496 61559 71686 71686 80610 80610 80610 80610 91731 99273 99273 99273 91731 99273 112602 112602 121042 121042 121042 121042 123643 129127 129127 129127 123643 129127 133411 136420 136420 136420 133411 136420 151999 151999 156129 156129 156129 156129 170057 177530 177530 177530 170057 177530 183656 190189 190189 190189 183656 190189 207967 207967 211701 211701 211701 211701 220482 220482 225699 225699 225699 225699 231799 231799 231799 239965 240619 248712 256039 256039 256039 248712 248712 240619 240619
100 0
3665 11856 17235 17235 17235 17235 22247 27290 27290 27290 27290 38414 38414 38414 40377 40377 47449 47449 56074 56074 56074 66599 66917 66917 66917 66917 75647 75647 75647 82479 82479 100600 100600 100600 100835 100835 110349 110349 110349 110445 110445 120462 120462 127218 127218 127218 130888 130888 130888 134498 134498 138804 146417 146417 146417 146417 155879 157815 157815 157815 157815 164646 164646 164646 167440 167440 180940 186613 186613 186613 186613 195291 199074 199074 199074 199074 215933 218750 218750 218750 218750 230459 235201 235201 235201 235201 248788 254211 254211 254211 254211 258701 264024 264024 264024 264024 272939 281528 281528 281528
100 0
15102 15102 15102 15102 26547 26547 26547 27752 33157 33157 33157 27752 27752 33157 44931 44931 50893 60727 60727 60727 50893 50893 44931 60727 68812 68812 77832 84551 84551 84551 77832 77832 68812 84551 96314 99855 102658 102658 102658 99855 99855 96314 96314 102658 118173 118173 122515 130054 130054 130054 122515 122515 118173 130054 142698 144822 144822 144822 142698 142698 145383 145383 145383 145383 155492 155492 158326 167065 167065 167065 158326 158326 155492 167065 178551 178551 186915 186915 194432 194432 194432 186915 178551 194432 204268 205255 213647 213647 213647 205255 205255 204268 204268 213647 226125 230224 230224 230224 226125 226125
100 0
11598 11598 11598 12517 12517 20415 20415 22132 22132 22132 20415 22132 33061 38883 40223 40223 40685 40685 40685 40223 38883 46883 53094 53094 57640 57640 57640 53094 46883 46883 38883 57640 60064 60064 61449 61449 67082 67082 67082 61449 76737 77342 77342 85708 91607 91607 91607 85708 85708 77342 76737 91607 102770 109920 118354 124286 124286 131114 131770 140891 140891 140891 131770 131770 131114 131114 124286 118354 118354 109920 109920 140891 156773 156773 156773 163239 163239 163239 164488 169955 176168 176168 178374 178374 178582 178582 178582 178374 176168 169955 169955 178582 187199 187372 189583 189583 189583 187372 187372 187199
100 0
9601 18711 20927 20927 20927 18711 20927 34755 34755 37207 37207 37207 37207 47727 50604 50604 50604 47727 50604 60548 60548 60921 60921 60921 60921 61979 65164 65164 65164 61979 65164 81225 86536 86536 86536 81225 86536 97014 97014 97014 103860 103860 103860 116936 120515 120515 120515 116936 120515 133056 133056 141208 141208 141208 141208 154445 154875 154875 154875 154445 154875 166251 166251 170330 170330 170330 170330 178048 178405 178405 178405 178048 178405 189811 197769 197769 197769 189811 197769 213610 214990 214990 214990 213610 214990 223231 227893 227893 228255 228255 228255 232241 236505 236505 236505 232241 232241 227893 223231 223231
100 0
2571 2571 2571 2614 4948 4948 4948 12042 20373 20373 20373 12042 12042 2614 2614 20373 27855 27855 34950 34950 43850 47674 47674 54381 54632 54632 62138 62138 62138 54632 54381 54381 47674 43850 43850 62138 73603 76727 76727 76727 73603 73603 85116 90588 90588 96388 104299 113913 113913 113913 104299 104299 96388 96388 90588 113913 126149 126149 129686 131768 131768 131768 140404 146592 146592 146592 151180 151180 157574 157574 157574 151180 140404 140404 129686 157574 162774 172240 172240 172240 162774 176436 185140 185140 185140 176436 192089 194600 197581 197581 197581 194600 194600 192089 192089 197581 204598 211977 211977 211977
100 0
12714 12714 12714 16600 16600 31496 34706 34706 34706 34706 46310 46310 46310 49252 49252 59938 59938 59938 66589 66589 81571 89913 89913 89913 89913 106515 106515 110634 110634 110634 126682 130003 130003 130003 130003 141272 149754 149754 149754 149754 161694 165265 165265 165265 165265 173887 173887 173887 179154 179154 187854 197166 197166 197166 197166 206034 206034 211028 211028 211028 219040 219040 219040 223133 223133 232986 237443 237443 237443 237443 250696 250696 258296 258296 258296 268289 273693 273693 273693 273693 285843 285843 285843 291569 291569 304659 304659 306843 306843 306843 315763 315763 318573 318573 318573 332729 332729 337241 337241 337241
100 0
10600 19105 19105 19105 10600 19105 34138 38024 38024 38024 34138 38024 50581 50581 60209 60209 60209 60209 68554 68554 72578 72578 72578 72578 88933 97336 97336 97336 88933 97336 102394 102394 102394 106770 106770 106770 111880 113006 113006 113006 111880 113006 115269 124712 124712 124712 115269 124712 141314 141314 146645 146645 146645 146645 165055 170590 170590 170590 165055 170590 177443 177443 179924 179924 179924 179924 189848 194187 194187 194187 189848 194187 204666 205126 205126 205126 204666 205126 209883 209883 209883 214441 214441 214441 220895 222206 222206 222206 220895 222206 238193 244695 244695 244695 238193 254492 254492 254492 255126 255126
100 0
7104 7104 7104 12961 12961 21274 21274 25550 25550 25550 21274 12961 25550 40374 40374 40374 46991 46991 46991 55211 55211 55211 55211 74911 74911 74911 79454 79454 79454 83536 83536 83536 83536 96333 96524 100545 100545 100545 96524 96524 96333 96333 100545 107398 107398 108140 110767 110767 110767 108140 108140 107398 110767 122216 122216 122216 129811 129811 130717 130717 130717 129811 130717 142552 150409 158654 158654 158654 150409 150409 142552 142552 158654 171366 171366 171366 181248 190585 190585 190585 181248 181248 190585 206729 206729 206729 210278 210278 210920 210920 210920 210278 210920 215237 215237 223856 223856 231583 231583 231583
100 0
6532 6532 6532 6532 25384 34098 34098 34098 34098 38794 42522 42522 42522 42522 55997 55997 55997 56993 56993 69651 71630 71630 71630 71630 83491 83491 83491 87250 87250 104140 111069 111069 111069 111069 123816 124699 124699 124699 124699 128331 131460 131460 131460 131460 145144 145144 145144 153614 153614 168746 170807 170807 170807 170807 188536 188536 190242 190242 190242 201246 201246 201246 203776 203776 213512 213512 221313 221313 221313 239063 239063 239063 245336 245336 257553 267222 267222 267222 267222 281379 281379 283226 283226 283226 298698 298698 301019 301019 301019 310941 319527 319527 319527 319527 333383 340723 340723 340723 340723 350193
100 0
10236 10236 27925 30515 30515 30515 30515 40598 42209 42209 42209 42209 51102 51384 51384 51384 51384 52374 52374 53629 53629 53629 55142 60743 60743 60743 60743 68887 68887 75430 75430 75430 81796 81796 89298 89298 89298 98072 101156 101156 101156 101156 116072 116072 116072 124469 124469 130107 139210 139210 139210 139210 143551 148677 148677 148677 148677 160807 164509 164509 164509 164509 176568 176568 181609 181609 181609 187436 189786 189786 189786 189786 197384 203519 203519 203519 203519 204697 204697 204697 209480 209480 225437 229514 229514 229514 229514 237578 247387 247387 247387 247387 259913 259913 262609 262609 262609 268270 268270 268270
100 0
19439 28118 28118 28118 28118 44645 52374 54524 54524 54524 52374 52374 44645 44645 54524 68571 68671 68671 68728 68728 68728 68671 68571 68571 68728 78344 83226 85938 85938 85938 83226 83226 78344 78344 85938 94185 100158 108315 108315 108315 100158 100158 94185 94185 108315 115550 115550 115550 115579 122828 122828 122828 115579 115579 122828 133695 133695 135646 136716 136716 136716 135646 135646 133695 136716 150383 150383 150383 158078 158078 164076 164076 164076 158078 164076 166740 166740 173546 179972 179972 179972 173546 173546 166740 179972 189070 189070 189070 189319 194426 194426 194426 189319 189319 194426 204828 211077 211077 211077 204828
100 0
5500 5500 21886 21886 31090 31354 31354 31354 31090 31090 21886 31354 42636 51335 51808 51808 51808 51335 51335 42636 42636 51808 60606 62131 66560 66560 66560 62131 62131 60606 60606 66560 76298 76298 78481 78481 78481 82390 82390 82390 76298 82390 97226 100162 100162 110008 110008 110008 100162 97226 97226 110008 122578 122578 125356 127828 127828 127828 125356 125356 122578 127828 139388 147843 147843 147843 139388 139388 155093 155093 155093 155093 163321 163321 163321 170135 170135 177208 177208 177208 170135 177208 189755 189755 189755 196513 196513 196513 206161 206161 206161 206161 221703 221703 221703 229741 229741 229741 233926 233926
100 0
11288 11288 11288 11288 19128 19128 19128 19878 19878 28108 35396 38965 38965 45524 45524 50547 50547 50547 45524 38965 35396 35396 28108 50547 62876 69647 71758 77420 85560 94536 94536 102619 102619 102619 94536 85560 85560 77420 77420 71758 71758 69647 69647 102619 110401 114760 114760 123526 127166 134501 134501 134501 134528 134528 134528 127166 134721 134721 134721 127166 123526 123526 114760 134721 151380 160855 160855 169110 169110 171226 173722 173722 180575 180575 180575 187036 187036 187036 173722 171226 171226 169110 160855 187036 193277 193277 195522 198922 201172 201172 201172 202348 202348 202348 211084 211084 211084 198922 198922 195522
100 0
14964 14964 14964 34369 43115 43115 43115 34369 43115 53835 53835 53835 58785 58785 58785 65737 73903 73903 73903 65737 73903 86844 94713 94713 94713 86844 94713 100589 107718 107718 107718 100589 107718 110036 113454 113454 113454 110036 113454 131850 131850 131850 136851 136851 136851 147652 147652 147652 148819 148819 148819 157051 159098 159098 159098 157051 159098 165754 165754 167332 167332 167332 167332 177313 186057 186057 186057 177313 186057 201381 201381 205426 205426 205426 205426 212532 212532 216181 216181 216181 216181 233529 233529 234094 234094 234094 234094 240539 245511 245511 245511 251157 257777 257777 265272 265272 265272 257777 251157 251157
100 0
10661 10661 13434 13434 13434 13434 21431 29453 29453 29453 21431 29453 34052 34052 34052 38553 38553 38553 57004 57736 57736 57736 57004 57736 73688 77397 77397 77397 73688 77397 83413 83413 91518 91518 91518 91518 99733 99733 106011 106011 106011 106011 112979 117216 117216 117216 112979 117216 123000 123000 127010 127010 127010 127010 136643 136643 141620 141620 141620 141620 158838 161875 161875 161875 158838 161875 177887 177887 177887 178504 178504 178504 182060 182060 191672 191672 191672 191672 208972 208972 208972 218218 218218 218218 232942 232942 240301 240301 240301 240301 256091 256091 259512 268587 275697 275697 275697 268587 268587 259512
100 0
14916 14916 14916 27932 27932 27932 37201 37201 40630 43824 43824 43824 43824 52709 52709 52709 60914 60914 71033 71033 80112 80112 80112 88744 88744 88744 93051 93051 105178 107434 107434 107434 107434 120610 120610 120610 120654 120654 127056 135694 135694 135694 135694 147639 147639 147639 157115 157115 166821 170088 170088 170088 170088 180914 180914 189412 189412 189412 201609 201609 201609 206250 206250 208788 213953 213953 213953 213953 221567 221567 230687 230687 230687 238000 238000 247706 247706 247706 263595 263595 264123 264123 264123 275662 275662 279704 279704 279704 291094 291296 291296 291296 291296 299156 299156 308328 308328 308328 321857 321857
100 0
10140 10140 10140 10140 23186 29346 29346 29346 29346 38441 38441 38441 48140 48140 56926 56926 63199 63199 63199 73067 73397 73397 73397 73397 82900 84554 84554 84554 84554 90632 90632 95110 95110 95110 101281 108446 108446 108446 108446 116947 116947 126032 126032 126032 132575 140075 140075 140075 140075 156674 156674 158190 158190 158190 177043 187028 187028 187028 187028 200295 200295 207705 207705 207705 210852 210852 220615 220615 220615 228881 228881 232317 232317 232317 243509 243509 252180 252180 252180 260332 264464 264464 264464 264464 269087 269087 269087 276938 276938 291815 291815 291815 296307 296307 306365 308141 308141 308141 308141 319569
100 0
14204 14204 14204 15339 15339 15339 29901 38601 38601 38601 29901 38601 52292 52292 52292 59671 59671 59671 78577 78577 87030 87030 87030 87030 103060 109689 109689 109689 103060 109689 120462 121615 121615 121615 120462 121615 126962 126962 127134 127134 127134 127134 134534 134534 134534 136471 136471 136471 145643 149265 149265 149265 145643 149265 163802 163802 163802 164562 164562 164562 174499 174499 174499 183069 183069 183069 191437 192893 192893 192893 191437 192893 199234 207103 207103 207103 199234 207103 214436 214436 214436 219657 219657 219657 235225 235225 237901 237901 237901 237901 249644 249644 258434 258885 263884 263884 263884 258885 258885 258434
100 0
2311 13597 22585 22585 22585 22585 35851 42929 42929 42929 42929 55585 55585 59714 59714 59714 70716 71135 71135 71135 71135 83840 91340 91340 91340 91340 100386 100386 100386 108727 108727 123362 123362 131979 131979 131979 141422 141960 141960 141960 141960 157867 161093 161093 161093 161093 171679 171679 177024 177024 177024 188941 188941 188941 198213 198213 212084 212084 212084 217463 217463 224945 224945 230985 230985 230985 241637 241637 241637 249461 249461 265320 265320 265320 272651 272651 278376 284609 284609 284609 284609 288906 288906 293251 293251 293251 305404 314685 314685 314685 314685 325477 330850 330850 330850 330850 344827 346467 346467 346467
100 0
3895 3895 3895 9480 11502 11502 11502 9480 9480 12759 20751 29146 29146 29146 20751 20751 29146 41272 41272 46431 46431 53583 53583 53938 53938 57693 57693 61940 61940 61940 57693 68544 68544 68544 53938 53583 68544 76534 80134 86162 86162 86936 87026 87026 88626 88626 88626 87026 95501 95501 95501 86936 86936 86162 80134 80134 95501 104635 113844 123626 123626 127990 127990 128957 128957 138233 138233 138233 128957 143796 143796 143796 127990 123626 113844 113844 143796 146898 146898 147875 147875 153105 153105 153105 153612 153612 153612 147875 154849 154849 160448 160448 160448 154849 146898 163327 163327 177970 177970 177970
100 0
12265 12265 12265 21208 21906 21906 21906 21906 29889 29889 35687 35687 35687 46651 52005 52005 52005 52005 64265 73602 73602 73602 73602 84441 84441 90060 90060 90060 100979 100979 100979 107239 107239 120111 120111 120111 125761 125761 141479 141479 147343 147343 147343 150580 150580 150580 155768 155768 160742 160742 163006 163006 163006 166869 166869 171329 171329 171329 177665 177665 185618 185618 185618 196218 196218 196218 200462 200462 210033 211222 211222 211222 211222 220599 220599 222724 222724 222724 235659 235659 244884 244884 244884 255058 255451 255451 255451 255451 260545 266194 266194 266194 266194 270060 270141 270141 270141 270141 283949 283949
100 0
14531 14531 14531 26755 26755 30902 30902 30902 39906 39906 40653 40653 40653 53269 53269 55085 55085 55085 60188 68642 68642 68642 68642 76024 76024 82496 82496 82496 85463 90313 90313 90313 90313 97355 97355 97355 100595 100595 113668 121805 121805 121805 121805 134517 134517 143843 143843 143843 154844 163122 163122 163122 163122 169515 179024 179024 179024 179024 185398 189322 189322 189322 189322 202541 211736 211736 211736 211736 225409 232509 232509 232509 232509 249342 258407 258407 258407 258407 270919 276775 276775 276775 276775 296047 296047 296047 296377 296377 306529 306529 312048 312048 312048 317547 317547 317547 318782 318782 327846 327846
100 0
1366 1366 1366 7643 10393 10393 10393 7643 10393 17744 25963 25963 25963 17744 25963 34641 36687 36687 36687 34641 36687 39270 47076 47076 47076 39270 47076 61093 61093 63072 63072 63072 63072 65857 65857 65857 70495 70495 70495 88213 92659 92659 92659 88213 92659 102218 102218 102218 108285 108285 108285 118321 118321 118321 121480 121480 121480 128136 128136 136630 136630 136630 136630 139113 139113 139113 147327 147327 147327 162301 162301 162301 169467 169467 169467 182432 182432 182432 188888 188888 188888 199250 208845 208845 208845 199250 208845 220839 220839 220839 222969 222969 227116 231839 231839 231839 237029 237029 237029 227116
100 0
4890 4890 4890 8038 9668 9668 9668 8038 10066 18533 18533 18533 10066 21981 21981 21981 21981 39107 44806 45880 50945 54210 54210 54210 60513 60513 69962 69962 69962 60513 50945 50945 45880 45880 44806 44806 69962 73093 73093 79745 86610 87018 89733 96942 106761 106761 106761 96942 96942 89733 89733 87018 87018 86610 86610 79745 106761 110816 110816 110816 111308 112755 115416 117490 117490 117490 115416 115416 112755 112755 111308 111308 119863 119863 129100 129100 129100 139907 139907 139907 149874 156059 156059 156059 161357 167450 171956 171956 171956 167450 167450 175318 175318 175318 161357 161357 175318 191412 191412 191412
100 0
5343 5343 7609 7619 7619 7619 7609 7609 5343 7619 20588 21043 21043 30933 30933 30933 21043 20588 20588 30933 41346 51335 54245 54245 54245 51335 51335 41346 41346 54245 65056 65056 66273 66273 66273 68909 68909 68909 65056 68909 82262 82262 85659 91016 91016 91016 85659 85659 82262 91016 94364 100165 100909 100909 100909 100165 100165 94364 94364 100909 108622 116666 126086 126086 126086 116666 116666 108622 108622 126086 136868 143830 151847 151847 151847 143830 143830 136868 136868 151847 155137 157633 164069 164069 164069 157633 157633 155137 155137 164069 172077 172077 176865 178279 178279 178279 176865 176865 172077 178279
100 0
5015 5015 5015 7408 7408 7408 9515 9515 9515 24490 24490 28900 28900 28900 28900 37257 37257 37257 39170 39170 39170 48079 48079 57594 57594 57594 57594 68162 70616 70616 70616 68162 70616 86108 86108 86108 93168 93168 93168 105038 107913 107913 107913 105038 107913 119219 119219 120234 120234 120234 120234 128164 133780 133780 133780 128164 133780 142896 142896 142896 150362 150362 150362 162876 169150 169150 169150 162876 169150 175948 175948 182406 182406 182406 182406 192710 197955 197955 197955 192710 197955 207983 207983 213006 213006 213006 213006 218864 228591 236145 236145 243420 245465 245465 245465 243420 243420 236145 228591 228591
100 0
15362 15362 15362 15362 21525 21525 21525 25301 25301 25301 29460 30279 30279 30279 29460 30279 43305 43305 43305 50897 50897 50897 66829 66829 76435 76435 76435 76435 82958 82958 82958 86399 86399 86399 94176 95254 95254 95254 94176 95254 110660 110660 110660 112973 112973 112973 128313 128945 128945 128945 128313 128945 139753 143093 143093 143093 139753 143093 150984 150984 150984 153890 153890 153890 158594 168129 168129 168129 158594 168129 180168 180168 180168 183353 183353 183353 193990 193990 200147 200147 200147 200147 207830 214819 214819 214819 207830 214819 227623 232868 234238 234238 242448 242448 242448 234238 232868 232868 227623 227623
100 0
4738 4738 4738 13392 22118 24432 25262 25262 25262 24432 24432 22118 22118 13392 13392 25262 29910 38370 41818 41818 41818 38370 38370 46453 46453 49871 59401 59401 59401 69331 69331 69331 49871 49871 46453 69331 76684 76684 83049 91081 93571 93571 93571 97640 97640 105155 105155 108480 108480 108480 105155 97640 91081 91081 83049 108480 118710 118710 118710 124643 134638 134777 142266 145718 147404 147404 147404 145718 145718 142266 142266 134777 134777 134638 134638 147404 153413 155439 155439 156323 156323 156323 155439 163054 166969 166969 171505 174306 174306 174306 171505 171505 166969 163054 163054 174306 176616 176616 176616 180662
100 0
7420 7420 7420 23144 27121 27121 27121 23144 27121 41560 41560 41560 51052 51052 51052 57012 64446 64446 64446 57012 64446 82166 86371 86371 86371 82166 86371 97182 97182 100899 100899 100899 100899 109208 109918 109918 109918 109208 109918 116155 116155 116155 116482 116482 116482 129470 137850 137850 137850 129470 137850 146122 146122 146122 146491 146491 146491 154989 154989 154989 156365 156365 156365 159978 167847 167847 167847 159978 167847 182459 189078 189078 189078 182459 189078 196090 196090 196090 206062 206062 206062 214505 214505 221800 221800 221800 221800 230164 237496 237496 237496 230164 241930 241930 241930 245612 245612 245612 254474 254474
100 0
11660 11660 11660 11660 23379 23379 32730 32730 32730 32730 41521 49100 49100 49100 41521 49100 56480 56480 56580 56580 56580 56580 70892 72009 72009 72009 70892 72009 80048 80048 80048 85414 85414 85414 94668 94668 94668 99176 99176 99176 103810 103810 111870 111870 111870 111870 122842 127917 127917 127917 122842 127917 129226 129226 129226 133138 133138 133138 144585 144585 151476 151476 151476 151476 163394 163394 163394 171932 171932 171932 181433 181433 181433 181726 181726 181726 188398 196214 196214 196214 188398 196214 204736 204736 208620 208620 208620 208620 221637 227892 227892 234409 234409 241287 241287 241287 234409 227892 221637 221637
100 0
10264 10264 10264 10264 21707 24752 24752 27157 27157 27157 24752 21707 21707 27157 33956 33956 39031 39031 42478 42478 42478 39031 33956 42478 51634 54854 54854 57755 57755 57755 54854 51634 51634 57755 75292 75292 75292 79191 79191 81203 81203 81203 79191 81203 91688 96889 100492 100492 100492 96889 96889 91688 91688 100492 109150 115339 123371 123371 123371 115339 115339 109150 109150 123371 126030 127089 129809 129809 129809 127089 127089 126030 126030 129809 138004 138004 138004 141814 141814 142053 142053 142053 141814 142053 151751 158098 161392 161392 161392 158098 158098 151751 151751 161392 170229 179911 179911 179911 170229 170229
100 0
16551 21808 21808 21808 27525 27525 27525 16551 27525 42399 42399 42399 51955 51955 55781 55781 55781 51955 55781 64515 64515 70018 75447 75447 75447 70018 70018 64515 75447 85795 85795 92107 99350 99350 99350 92107 92107 85795 99350 115767 123080 123080 129208 129208 129208 123080 115767 115767 129208 133942 133942 133942 134227 134227 142590 142590 142590 134227 142590 156829 156829 157394 157394 157394 156829 164661 164661 164661 164661 178338 186360 190988 190988 190988 186360 186360 178338 178338 190988 205022 205022 205022 207456 207456 216016 216016 216016 207456 216016 227776 227776 232731 238787 238787 238787 232731 232731 227776 238787 248802
100 0
9832 9832 9832 23648 23648 24693 24693 24693 30199 30199 38659 38659 38659 51088 51088 56861 56861 56861 66854 66854 66854 71654 71654 83187 83187 87246 87246 87246 94842 100841 100841 100841 100841 108218 108218 110630 110630 110630 123502 123502 123502 127043 127043 136902 142266 142266 142266 142266 157405 162058 162058 162058 162058 172906 172906 172906 181550 181550 193080 193080 200795 200795 200795 212719 221441 221441 221441 221441 229817 235506 235506 235506 235506 243162 245998 245998 245998 245998 261441 264506 264506 264506 264506 273495 279245 279245 279245 279245 289805 289805 296614 296614 296614 311087 317123 317123 317123 317123 323290 323290
100 0
4519 4519 10111 10111 10111 4519 13344 13344 13344 13344 17647 17647 17647 27597 27597 27597 35675 35675 35675 42530 45720 45720 45720 50904 50904 50904 51172 51172 51172 51172 60845 60845 61285 61285 62309 66449 67811 67811 69122 69122 74861 74861 74861 69122 67811 66449 66449 62309 62309 74861 80566 81344 81344 83330 89471 90546 90546 94896 100213 100213 100213 94896 94896 90546 89471 89471 83330 83330 81344 100213 109247 109247 109247 111412 114348 114348 116675 116675 116675 123496 123496 123496 125855 127680 127680 127680 125855 125855 114348 127680 135923 135923 135923 138933 146345 154036 154036 154036 146345 146345
100 0
12825 12825 12825 25681 25681 27826 27826 27826 27826 36455 46005 46005 46005 36455 46005 54016 58660 58660 58660 54016 58660 72376 72376 76069 76069 76069 76069 87657 87879 87879 87879 87657 87879 92359 92359 96666 96666 96666 96666 106517 112650 112650 112650 106517 112650 116081 121596 121596 121596 116081 121596 123236 123236 129225 129225 129225 129225 139290 139290 145657 145657 145657 145657 151988 161657 161657 161657 151988 161657 177455 177455 177455 178247 178247 178247 188911 197756 197756 197756 188911 197756 211257 215105 215105 215105 211257 215105 222777 230798 230798 237717 246131 246131 256066 256066 256066 246131 237717 237717 230798
100 0
324 2643 2643 10595 10595 10595 22042 26568 26568 26568 26568 43376 43376 43376 51853 51853 60395 60395 60395 70101 70101 83476 85767 85767 85767 85767 101573 107568 107568 107568 107568 125861 125861 125861 126679 126679 135558 140247 140247 140247 140247 156584 156584 157955 157955 157955 161848 168307 168307 168307 168307 172253 175165 175165 175165 175165 191133 191357 191357 191357 191357 198794 208080 208080 208080 208080 222518 231578 231578 231578 231578 241721 241721 246263 246263 246263 254954 254954 254954 256347 256347 269622 269622 269622 273068 273068 276447 278079 278079 278079 278079 294604 303469 303469 303469 303469 317177 317177 317177 321539
100 0
3018 3018 13404 20933 20933 20933 20933 31107 31107 31107 38742 38742 49482 49482 49482 51910 51910 57541 59856 59856 59856 59856 70984 70984 70984 71484 71484 80818 86307 86307 86307 86307 102262 110713 110713 110713 110713 127903 127903 127903 131758 131758 146946 149940 149940 149940 149940 161210 161210 161210 167201 167201 179048 179048 179048 187228 187228 196106 196106 196106 203261 203261 213622 213622 214539 214539 214539 221467 221686 221686 221686 221686 230576 230576 232596 232596 232596 248772 250759 250759 250759 250759 260802 260802 268525 268525 268525 271878 271878 275177 275177 275177 280956 280956 280956 290551 290551 304635 304635 304635
100 0
17057 17057 17057 19555 19555 19555 19555 28648 30160 32238 32238 32238 30160 30160 28648 28648 32238 36815 41472 47792 47792 47792 41472 41472 36815 36815 47792 53974 62616 71163 71163 71163 62616 62616 53974 53974 71163 80901 87575 92099 92099 92099 87575 87575 80901 80901 92099 98127 98127 101988 101988 109751 109751 109751 101988 98127 109751 112107 120311 127436 127436 127436 120311 120311 112107 112107 127436 137732 140224 143389 143389 143389 140224 140224 137732 137732 143389 156969 157091 157091 157091 156969 161501 161501 161501 156969 161501 175099 179785 186229 186229 186229 179785 179785 175099 175099 186229 199305 199305 199305
100 0
14139 14139 14139 21850 23525 23525 23525 21850 23525 34943 34943 36676 36676 36676 36676 49403 54671 54671 54671 49403 54671 65400 75270 75270 75270 65400 75270 88260 96262 96262 96262 88260 96262 101254 101254 103373 103373 103373 103373 116979 116979 116979 126876 126876 126876 138489 138489 142948 142948 142948 142948 155153 155153 163333 163333 163333 163333 175286 175286 175374 175374 175374 175374 190135 193691 193691 193691 190135 193691 206640 207380 207380 207380 206640 207380 216837 224035 224035 224035 216837 224035 231243 239703 239703 239703 231243 239703 247972 250833 258104 258104 258104 268056 275015 275015 275015 268056 268056 250833 250833
100 0
6004 6004 13058 13058 13058 21678 21728 21728 21728 21678 21728 33588 33588 33588 40959 40959 40959 51045 51045 53522 53522 53522 53522 64655 64655 68727 68727 68727 68727 83968 83968 83968 92980 92980 92980 107282 111739 111739 111739 107282 111739 122267 131468 131468 131468 122267 131468 140754 147308 147308 147308 140754 147308 155453 155453 155453 160475 160475 160475 167604 169618 169618 169618 167604 169618 180130 180130 180130 181286 181286 181286 196852 196852 202384 202384 202384 202384 217670 227548 227548 227548 217670 227548 229605 238828 238828 238828 229605 238828 244232 244232 249543 249543 255866 255866 256129 256129 256129 255866 249543
100 0
16502 16502 16502 19579 28433 28433 28433 19579 28433 39776 39776 39776 48479 48479 48479 48982 48982 48982 48982 56293 56293 56293 56329 56329 56329 65204 65204 65204 65204 78979 88539 89356 89356 89356 88539 88539 78979 78979 89356 93510 95920 95920 97757 97757 97757 95920 93510 93510 97757 106831 110753 110753 113377 113377 113377 110753 106831 106831 113377 128639 131569 140140 140140 140140 131569 131569 128639 128639 140140 155023 155023 155023 159921 159921 165016 165016 165016 159921 165016 180586 180586 180586 186500 189066 189066 189066 186500 186500 189066 192192 198133 204814 204814 204814 198133 198133 192192 192192 204814 217623
100 0
13415 13415 13415 18277 18277 30899 30899 30899 33387 33387 43138 43138 43138 43347 43347 57416 57416 57416 63303 63303 64483 73895 73895 73895 73895 85860 85860 89680 89680 89680 99683 99683 103146 103146 103146 113253 113253 113253 114964 114964 130403 130403 130403 137274 137274 146190 153250 153250 153250 153250 164924 164924 164924 168106 168106 178281 181368 181368 181368 181368 196008 201724 201724 201724 201724 218361 227098 227098 227098 227098 231253 237946 237946 237946 237946 254205 254205 259014 259014 259014 270249 270249 270249 275433 275433 283218 283218 288548 288548 288548 301207 309865 309865 309865 309865 326418 326418 328518 328518 328518
100 0
7788 16598 18265 18265 18265 26218 26218 26218 16598 16598 26218 35466 35466 35466 36260 36260 39233 42789 48353 55420 57267 57267 57267 55420 55420 48353 48353 42789 42789 39233 57267 67361 67361 67361 76532 76532 80947 80947 80947 76532 86688 86688 90380 93636 93636 97685 97685 97685 93636 90380 97685 103202 103202 107179 107179 115089 124139 124139 125063 125063 131509 137153 137153 137153 131509 131509 125063 124139 115089 115089 137153 147867 147867 153461 153461 153461 147867 157360 157360 157360 159257 165901 165901 165901 159257 173693 181542 181542 181542 173693 181542 186835 190657 190657 190657 196145 196145 196145 186835 186835
100 0
6009 6009 12953 12953 12953 18227 18227 18227 31255 31255 31255 40843 40843 40843 55760 55760 55760 63879 63879 63879 74528 74528 81338 81338 81338 81338 93279 93279 102465 102465 102465 102465 112007 112007 112007 118669 118669 118669 122553 122553 122553 122888 122888 122888 136193 136193 136193 142849 142849 142849 152380 152380 152380 153296 153296 153296 161008 161008 161008 168045 168045 168045 179077 179077 179077 188496 188496 188496 192133 200925 200925 200925 192133 200925 218807 218807 222160 222160 222160 222160 231592 231592 240129 240129 240129 240129 243668 250288 250288 250288 243668 243668 256808 256808 256808 266715 266715 266715 272579 272579
100 0
5427 5427 7022 10599 10599 10599 10599 19637 22812 22812 22812 22812 30206 32995 32995 32995 32995 36547 37334 37334 37334 37334 50132 50132 59282 59282 59282 69094 70603 70603 70603 70603 86323 86323 86323 95176 95176 102336 102336 102336 106138 106138 122080 128148 128148 128148 128148 132440 135597 135597 135597 135597 138559 138559 140449 140449 140449 146498 150920 150920 150920 150920 159923 166735 166735 166735 166735 179916 181229 181229 181229 181229 197729 197729 197729 201919 201919 215716 215716 215716 220241 220241 227309 227309 227309 230714 230714 241260 241260 248045 248045 248045 252639 259549 259549 259549 259549 267554 267554 267554
100 0
4432 4432 4432 4432 13938 13938 13938 18196 21155 21155 21155 18196 18196 21155 34521 41381 47722 47722 47722 41381 41381 34521 34521 47722 61253 63675 70827 70827 70827 63675 63675 61253 61253 70827 79799 79799 89176 94227 94227 94227 89176 89176 79799 94227 104842 111682 121569 121569 121569 111682 111682 104842 104842 121569 134981 139225 139225 139225 146866 146866 146866 134981 134981 146866 158982 158982 158982 159367 168084 168084 168084 159367 159367 168084 171046 177446 183437 183437 183437 177446 177446 171046 171046 183437 196130 196130 196130 202145 209454 209454 209454 202145 202145 209454 218991 218991 218991 225450 225450 225450
100 0
10614 10614 10614 10614 21769 26674 26674 26674 26674 38630 46767 46767 46767 46767 64963 68104 68104 68104 68104 76618 83165 83165 83165 83165 101547 101547 101547 108172 108172 116797 116797 125287 125287 125287 140964 140964 140964 142505 142505 145594 145594 149479 149479 149479 158948 158948 158948 165749 165749 180313 180313 185705 185705 185705 190795 198612 198612 198612 198612 215785 215785 219604 219604 219604 234906 234906 241467 241467 241467 245877 245877 245877 247542 247542 264422 270000 270000 270000 270000 287068 292489 292489 292489 292489 295644 295644 295644 297354 297354 299804 306296 306296 306296 306296 324053 324053 329307 329307 329307 337535
100 0
10635 10635 10635 17043 17043 17043 26483 26483 33796 33796 33796 39421 39421 49065 55310 55310 55310 55310 64029 68454 68454 68454 68454 81776 87793 87793 87793 87793 95171 95171 99842 99842 99842 116980 119396 119396 119396 119396 133300 133300 138412 138412 138412 151843 159159 159159 159159 159159 168320 174096 174096 174096 174096 181271 181271 181851 181851 181851 193062 193062 202982 202982 202982 208962 217062 217062 217062 217062 225949 235309 235309 235309 235309 244008 248309 248309 248309 248309 257962 257962 267641 267641 267641 269697 271974 271974 271974 271974 281813 281813 289309 289309 289309 299957 299957 299957 304077 304077 310628 310628
100 0
11504 11504 20091 20091 20618 20618 20618 28209 37932 37932 39707 39707 47740 47853 47853 47853 47740 47740 39707 37932 28209 47853 58048 65348 67467 76823 79163 79163 86082 90755 90755 90755 86082 86082 79163 76823 76823 67467 67467 65348 65348 90755 106518 109710 109710 110524 114141 119939 129167 129435 129435 129435 129167 129167 119939 119939 114141 114141 110524 110524 109710 129435 144582 146377 156337 156337 156337 156796 156796 157224 157424 157670 157670 157670 157424 157424 157224 157224 156796 146377 146377 157670 165492 165492 170932 170932 170932 177113 186943 186943 186943 177113 191574 200816 200816 200816 191574 191574 177113 165492
100 0
14190 14190 16632 20067 24013 31399 31399 31399 24013 24013 20067 20067 16632 16632 14190 31399 38831 38831 38831 46257 49755 56455 56455 56455 49755 60809 67711 77012 77012 77012 67711 67711 60809 60809 49755 77012 85612 85612 85612 89255 99136 99136 99136 89255 89255 100225 100225 101588 102743 103993 103993 103993 102743 102743 101588 103993 116916 126630 126630 134617 139568 140586 140586 140586 145355 145355 145355 139568 149817 149817 149817 139568 134617 134617 126630 149817 162893 162893 162893 164823 169833 175111 175320 175320 175320 175111 175111 169833 169833 184807 186374 186374 186374 184807 184807 186374 200747 209288 209288 209288
100 0
2066 5900 5900 5900 2066 2066 5900 16973 16973 16973 23512 23512 23512 27484 27484 27484 27484 39408 41074 48086 48086 48086 41074 41074 39408 39408 48086 53450 53450 59526 59526 59526 53450 62476 62476 62476 62476 74492 83288 83288 83288 88992 88992 88992 74492 74492 88992 99086 99086 104424 104424 113732 113732 113732 104424 99086 113732 121258 123469 123469 123469 121258 124705 124705 124705 121258 124705 131869 131869 131869 138275 138275 144832 144832 144832 138275 144832 156110 165897 165897 165897 156110 170837 170837 170837 156110 170837 179364 188165 188165 188165 197464 197464 197464 179364 179364 197464 213406 213406 213406
100 0
7697 7697 7697 27222 30890 30890 30890 27222 30890 38245 42063 42063 42063 38245 42063 42632 45836 45836 45836 42632 45836 54991 54991 54991 56146 56146 56146 68706 70352 70352 70352 68706 70352 80505 80505 80505 86816 86816 86816 100503 100503 100503 103096 103096 103096 120754 120754 120754 121465 121465 121465 132580 132580 137886 137886 137886 137886 156904 165437 165437 165437 156904 165437 170839 170839 172994 172994 172994 172994 186326 189183 189183 189183 186326 189183 196214 196214 196214 205754 205754 205754 214227 221536 221536 221536 214227 221536 229913 235793 235793 235793 229913 244982 246803 246803 249062 249062 249062 246803 244982
100 0
11076 14898 16095 16095 16095 14898 14898 16095 30785 30785 30785 36774 36774 36774 42874 42874 42874 42874 45498 45498 45579 45579 47202 47202 47202 45579 45498 47202 53052 53052 59453 59453 60923 60923 60923 59453 53052 60923 71811 80494 80494 90373 90373 90373 80494 71811 71811 90373 101200 110762 111321 111321 111321 110762 110762 101200 101200 111321 117804 117846 117846 117968 117968 117968 117846 117804 117804 117968 125226 134413 134413 143607 143607 143607 134413 125226 125226 143607 158079 166217 169834 169834 169834 166217 166217 158079 158079 169834 173856 183770 183770 186912 186912 186912 183770 173856 173856 186912 202202 202202
100 0
8157 8157 8157 8157 10629 10629 15666 15666 15816 18483 21171 21171 21171 18483 18483 15816 15816 28848 37304 37304 37304 28848 28848 37304 47228 47228 47228 56415 59596 59596 59596 56415 56415 65160 66821 66821 74982 74982 74982 81188 81188 81188 66821 81188 93740 93740 100774 100774 100774 105187 105187 105187 93740 105206 105206 105950 105950 105950 105206 109932 109932 109932 115464 115464 119316 127712 137035 146724 146724 147943 147943 148213 148213 148213 156122 156122 156122 147943 146724 137035 137035 127712 127712 156122 168804 168804 168804 176555 176555 176555 183554 188677 193892 199702 199702 199702 193892 193892 188677 188677
100 0
11477 11477 17334 17334 17334 35727 38404 38404 38404 38404 56173 56173 56173 57313 57313 67732 74531 74531 74531 74531 81468 82606 82606 82606 82606 91955 95801 95801 95801 95801 104944 104944 104944 113951 113951 121808 123997 123997 123997 123997 138224 138224 138224 142578 142578 154201 154201 160530 160530 160530 163078 163078 172434 172434 172434 184637 184637 184637 185711 185711 195869 195869 195869 196620 196620 203193 210394 210394 210394 210394 219646 219646 228086 228086 228086 238529 245684 245684 245684 245684 257513 257513 261444 261444 261444 275696 281094 281094 281094 281094 284980 284980 284980 294593 294593 301308 304004 304004 304004 304004
100 0
11784 11784 20663 22555 22555 22555 30986 30986 30986 20663 30986 41009 41009 41009 47319 49243 49243 49243 47319 47319 55794 55794 55794 63852 63852 67999 67999 67999 76411 76411 76411 77102 77102 77102 79564 79564 79564 84231 87210 93207 100820 100820 108968 108968 108968 100820 93207 93207 87210 87210 108968 117764 117764 118560 118560 118560 117764 120033 124087 124087 124087 133844 133844 141669 141669 142736 142736 142736 141669 133844 142736 152618 152618 152618 161352 167410 169327 169327 172728 172728 176923 176923 184895 184895 184895 176923 172728 169327 167410 167410 184895 190210 190210 197518 198012 198012 198012 197518 197518 190210
100 0
10840 10840 10840 10840 23907 23907 25576 25576 25576 28089 37598 37598 37598 37598 53392 54370 54370 54370 54370 56580 56580 65846 65846 65846 75673 75673 75673 85174 85174 90883 95116 95116 95116 95116 103655 108560 108560 108560 108560 122722 129534 129534 129534 129534 147699 150085 150085 150085 150085 165420 168872 168872 168872 168872 178191 178191 178191 184245 184245 195836 195836 195836 198585 198585 203497 203497 203497 208793 208793 215939 215939 215939 218782 218782 222506 223902 223902 223902 223902 227239 227239 227239 232346 232346 244005 245675 245675 245675 245675 254527 255340 255340 255340 255340 266092 271170 271170 271170 271170 284736
100 0
6840 6840 6840 11246 11246 12067 12067 12067 12067 23423 25264 25264 25264 23423 25264 32177 35201 35201 35201 32177 35201 47577 49785 49785 49785 47577 49785 59297 68896 68896 68896 59297 68896 72286 72286 72286 72414 72414 72414 76629 84423 84423 84423 76629 84423 96552 96552 96552 98056 98056 98056 107489 107489 107489 110488 110488 110488 127473 135793 135793 135793 127473 135793 147769 153041 153041 153041 147769 153041 154339 154339 154339 155791 155791 155791 163929 163929 171908 171908 171908 171908 188402 188402 195390 195390 195390 195390 202520 202520 203936 203936 208350 216690 219115 219115 219115 216690 216690 208350 208350
100 0
3280 3280 3280 6613 15788 15788 15788 6613 6613 24526 24526 24526 24526 31119 37663 39476 39476 39476 37663 37663 31119 31119 39476 54995 61230 66032 66032 66032 61230 61230 54995 54995 66032 83926 92468 101849 101849 101849 92468 92468 83926 83926 101849 104058 112229 116975 116975 116975 112229 112229 104058 104058 116975 129899 129899 129899 134685 134685 142942 142942 142942 134685 142942 156864 164569 169391 169391 169391 164569 164569 156864 156864 169391 178118 184939 190637 190637 190637 184939 184939 178118 178118 190637 197385 202244 202244 202244 208515 208515 208515 197385 197385 208515 221985 223724 227554 227554 227554 223724 223724
100 0
12550 12550 30593 30593 36260 36260 36260 36260 41412 44117 44117 44117 41412 44117 55879 56909 56909 56909 55879 56909 60462 61254 61254 61254 60462 61254 77273 77615 77615 77615 77273 77615 79033 84375 84375 84375 79033 84375 98171 98171 98171 102549 102549 102549 111903 112912 112912 112912 111903 112912 117950 117950 121940 121940 121940 121940 133226 135268 135268 135268 133226 135268 143323 143323 153051 153051 153051 153051 162501 164057 164057 164057 162501 164057 173895 174620 174620 174620 173895 174620 178544 181186 181186 181186 178544 181186 195565 199381 201069 202214 207471 207471 207471 202214 202214 201069 201069 199381 199381 195565
100 0
16146 16146 16146 16146 26195 27298 29497 29497 29497 27298 27298 26195 26195 29497 39056 43782 47751 47751 47751 43782 43782 39056 39056 47751 54754 63298 72061 72061 72061 63298 63298 54754 54754 72061 83352 83352 92255 92255 92255 96119 96119 96119 83352 96119 105617 105617 108199 108714 108714 108714 108199 108199 105617 108714 116446 116446 126034 128457 128457 128457 126034 126034 116446 128457 141455 141455 141455 146730 146730 146730 147119 147119 147119 147119 157605 164584 168359 168359 168359 164584 164584 157605 157605 168359 182926 182926 182926 190105 190105 196216 196216 196216 190105 196216 205605 214528 214528 214528 205605 205605
100 0
8704 9649 9649 9649 9649 12600 12600 20183 20183 20183 20183 29165 29165 30714 30714 30714 30714 40096 45224 45224 45224 40096 45224 60839 67140 67140 67140 60839 67140 79424 79424 79424 86714 86714 86714 100510 102011 102011 102011 100510 102011 112614 115465 115465 115465 112614 115465 118632 118632 118632 124095 124095 124095 138443 138443 138443 143794 143794 143794 159276 159276 164486 164486 164486 164486 172935 172935 172935 180850 180850 180850 195033 195033 195033 200232 200232 200232 209551 210583 210583 210583 209551 210583 225393 225424 225424 225424 225393 225424 243412 243412 243412 246431 246431 246431 254799 254840 254840 254840 254799
100 0
10043 10043 10043 24706 24706 32220 32220 32220 43466 52018 52018 52018 52018 55421 60714 60714 60714 60714 64229 64229 64229 69283 69283 81053 86891 86891 86891 86891 93574 101944 101944 101944 101944 112782 112782 112782 119638 119638 124578 133363 133363 133363 133363 142637 149973 149973 149973 149973 160681 160681 165018 165018 165018 169858 169858 174979 174979 174979 194166 196203 196203 196203 196203 211161 211161 211161 215237 215237 220663 220663 220663 224137 224137 232692 232692 237847 237847 237847 250329 255498 255498 255498 255498 266347 273029 273029 273029 273029 284084 288207 288207 288207 288207 297347 297347 297347 304212 304212 321738 321738
100 0
7914 7914 7914 8028 8028 8028 8028 26106 34057 34057 34057 26106 26106 37088 39410 41708 41708 41708 39410 45214 48026 48026 48026 45214 45214 39410 48026 57815 59071 63973 63973 63973 59071 69501 75081 84949 84949 88454 88454 88454 84949 75081 75081 69501 69501 59071 88454 93833 93833 98872 106140 106140 106555 106555 106555 110919 119793 119793 119793 110919 110919 106140 123776 123776 123776 98872 123776 141200 142985 151603 151603 151603 160727 160727 160727 142985 162017 162017 162017 142985 141200 141200 169648 169648 176152 176152 176152 187028 187028 187028 190208 199002 206950 207244 207244 207244 206950 206950 199002 199002
100 0
17988 17988 17988 21123 21123 31087 31087 37638 38654 38654 38654 37638 37638 31087 21123 38654 45716 45716 45716 53970 53970 53970 63066 63066 67809 67809 70274 70274 71403 72222 72222 72222 71403 71403 70274 72222 80712 86998 92712 92712 92712 101862 104798 110749 110749 114952 114952 114952 110749 104798 104798 101862 101862 86998 86998 114952 115986 116081 120472 120472 120472 116081 116081 124805 124805 124805 115986 125530 131257 131257 136726 136726 136726 131257 125530 136726 146950 146950 155887 159745 159745 163874 163874 163874 159745 163989 163989 167308 173200 173200 173200 167308 167308 163989 155887 173200 179361 180846 180846 180846
100 0
7524 16285 17598 17598 22581 22581 22581 17598 16285 16285 22581 30376 30376 32929 32929 40157 40157 40157 32929 30376 40157 44587 47655 53269 53269 53269 47655 47655 44587 44587 53269 66176 66176 69113 78915 78915 78915 69113 69113 66176 78915 80691 80691 87053 87053 87053 91032 91032 91032 80691 91032 106778 106778 106778 109380 118112 118112 118112 109380 109380 118112 133946 133946 137234 137792 137792 137792 137234 137234 133946 137792 154586 154586 163594 167072 167072 167072 163594 163594 154586 167072 178667 185468 185468 185468 186016 186016 186016 178667 178667 186016 198423 198423 198423 207923 207923 216676 216676 216676 207923
100 0
9117 18215 21632 28562 37900 37900 37900 42582 42582 42582 28562 28562 21632 21632 18215 18215 9117 42582 48057 48184 57602 65909 65909 65909 71139 76331 76331 76331 82484 82484 82484 71139 71139 57602 57602 48184 48184 82484 92502 92502 92502 99014 105774 105774 110243 110243 110243 117287 117287 117287 120370 120370 120370 105774 99014 124307 124307 124307 134179 136576 136576 145124 150184 150184 150184 145124 152330 152330 152330 155269 160085 160085 160085 155269 155269 145124 136576 160085 171345 171345 172057 180850 182091 182091 182091 180850 186307 189780 194435 194435 194435 189780 189780 186307 186307 180850 172057 194435 207405 207405
100 0
8162 8162 8162 10057 10057 10057 23137 23137 23137 23517 23975 23975 23975 23517 23517 23975 36029 36982 36982 37981 37981 37981 36982 36029 36029 37981 53294 53294 53294 59758 61671 61671 61671 59758 59758 61671 62855 62855 62855 63128 63128 63128 70899 70899 70899 70899 85720 91865 91865 94740 94740 94740 91865 85720 85720 94740 104630 112209 116440 116440 116440 112209 112209 104630 104630 116440 130914 130914 130914 131057 131057 131057 137662 137662 137662 137662 143953 144636 144636 151942 151942 151942 144636 143953 143953 151942 155755 155755 155755 161269 163233 163233 163233 161269 161269 163233 179799 188247 188247 188247
100 0
9668 9668 9668 19448 19448 19448 29252 29252 29252 31651 35729 35729 35729 31651 35729 49758 49758 50914 50914 50914 50914 65568 65568 65568 67361 67361 67361 80721 85199 85199 85199 80721 85199 100122 100122 100122 101308 101308 101308 117740 119300 119300 119300 117740 119300 132022 135529 135529 135529 132022 135529 151090 160985 160985 160985 151090 160985 170252 170252 171707 171707 171707 171707 180686 180686 180686 183040 183040 183040 191592 199661 199661 199661 191592 199661 208965 216952 216952 216952 208965 216952 227331 227331 235433 235433 235433 235433 237724 241426 247063 251219 257069 257069 257069 251219 251219 247063 247063 241426 241426
100 0
10375 10375 10375 10375 17466 26988 26988 26988 32903 32903 32903 17466 17466 32903 39605 39605 45230 52592 52592 52592 45230 45230 39605 52592 59748 59748 59748 63375 67477 67477 67477 63375 63375 67477 82181 84071 84071 90325 90325 90325 84071 82181 82181 90325 102710 102710 104834 104834 105903 105903 105903 104834 102710 105903 115491 116828 117011 117011 117011 116828 116828 115491 115491 117011 124276 127116 127116 130317 130317 130317 127116 124276 124276 130317 139385 143694 147833 147833 147833 143694 143694 139385 139385 147833 159089 159089 165672 169984 169984 169984 165672 165672 159089 169984 186705 186705 186705 192204 192204 192204
100 0
8793 19411 22409 22409 22409 22409 38502 44112 44112 44112 44112 51977 53693 53693 53693 53693 63350 63350 70670 70670 70670 75262 80766 80766 80766 80766 95453 97741 97741 97741 97741 111550 113376 113376 113376 113376 124386 124386 124386 132877 132877 148697 148697 150229 150229 150229 161704 168315 168315 168315 168315 176169 180655 180655 180655 180655 198556 204328 204328 204328 204328 215619 215789 215789 215789 215789 231363 231363 240177 240177 240177 253608 261054 261054 261054 261054 274862 282741 282741 282741 282741 300827 300827 300827 300994 300994 308660 308660 308660 308723 308723 314771 320208 320208 320208 320208 324089 324089 324089 332476
100 0
11026 11026 11026 11026 21249 21249 29318 29318 29318 29318 41600 41600 41600 46168 46168 46168 58231 64978 64978 64978 58231 64978 79050 79050 84436 84436 84436 84436 91974 101559 101559 101559 91974 101559 114951 123657 123657 123657 114951 123657 134424 134424 134424 141373 141373 141373 147623 147623 147623 157110 157110 157110 169697 169697 178921 178921 178921 178921 179830 179830 179830 188489 188489 188489 203402 204819 204819 204819 203402 204819 217932 225814 225814 225814 217932 225814 240264 247093 247093 247093 240264 247093 258087 266123 266123 266123 258087 266123 268423 268423 268423 268455 276853 276853 276853 268455 284179 284179 284179 268455
100 0
8826 8826 8826 16749 24029 24029 24029 24029 33414 33414 42071 42071 42071 50690 50690 50690 58200 58200 74995 74995 75415 75415 75415 81962 89953 89953 89953 89953 97467 105573 105573 105573 105573 124121 131460 131460 131460 131460 135901 135901 137837 137837 137837 147413 147413 151820 151820 151820 161030 169635 169635 169635 169635 182867 191967 191967 191967 191967 204943 211437 211437 211437 211437 220589 227743 227743 227743 227743 242585 246744 246744 246744 246744 254546 257354 257354 257354 257354 270054 270054 270054 276516 276516 283202 283202 291759 291759 291759 301268 301268 303717 303717 303717 318725 318725 318725 321150 321150 326291 326291
100 0
11886 11886 12336 12336 12336 12336 15064 18832 18832 18832 15064 18832 37564 37564 43516 43516 43516 43516 58896 58896 58896 62385 62385 62385 63722 72758 72758 72758 63722 72758 83094 88811 88811 88811 83094 88811 99624 103484 103484 103484 99624 103484 107760 109982 109982 109982 107760 109982 119341 121421 121421 121421 119341 121421 132868 136724 136724 136724 132868 136724 148227 148227 148227 149792 149792 149792 155805 155805 155805 159937 159937 159937 169179 178374 178374 178374 169179 178374 185859 188253 188253 188253 185859 188253 196100 196100 196100 205258 205258 205258 222175 224051 232575 238626 238626 238626 232575 232575 224051 224051
100 0
12105 12105 18545 18545 18545 23952 33903 42478 42478 42478 33903 33903 23952 23952 42478 52139 60388 62276 62276 62276 60388 60388 52139 52139 62276 68752 77786 84116 84116 84116 77786 77786 68752 68752 84116 88277 88277 92329 96908 96908 96908 92329 92329 88277 96908 106373 114807 114807 124431 124431 124431 114807 106373 106373 124431 125996 135517 135517 144731 144731 144731 135517 125996 125996 144731 155597 157859 157859 163662 163662 163662 157859 155597 155597 163662 178418 184004 184004 184004 184086 184086 184086 178418 178418 184086 193995 193995 193995 203187 203187 209382 209382 209382 203187 209382 222081 222081 222081 227381 227381
100 0
13745 13745 13745 23732 23732 23732 28596 28596 28596 41036 41036 41036 42083 42083 42083 46168 46168 46168 54045 54045 54045 65947 71356 71356 71356 65947 71356 82404 82404 82404 88457 88457 88457 103226 103397 103397 103397 103226 103397 116836 116836 121680 121680 121680 121680 131488 131488 131488 138031 138031 138031 149159 149159 149159 156226 156226 156226 163904 172715 172715 172715 163904 172715 182446 182748 182748 182748 182446 182748 192385 192385 196344 196344 196344 196344 206833 206833 206833 209045 209045 209045 220114 220114 228353 228353 228353 228353 232502 232502 232502 239079 239079 249074 251073 251073 251073 254973 254973 254973 249074
100 0
10493 10493 20336 30332 30332 30332 30332 39913 48354 48354 48354 48354 54376 54376 55887 55887 55887 64679 64679 64679 65666 65666 70802 73596 73596 73596 73596 79303 79303 79303 88805 88805 102577 109758 109758 109758 109758 117192 117192 125328 125328 125328 131594 134038 134038 134038 134038 138067 142121 142121 142121 142121 159999 159999 159999 160132 160132 167039 167039 172922 172922 172922 177967 185254 185254 185254 185254 191396 191396 200676 200676 200676 210668 210668 210668 212552 212552 223693 223693 228026 228026 228026 237546 238622 238622 238622 238622 247395 249268 249268 249268 249268 255816 258205 258205 258205 258205 271137 271137 271137
100 0
5714 5714 5714 22552 23850 23850 23850 22552 23850 35883 35883 39403 39403 39403 39403 45643 45643 53759 53759 53759 53759 67156 67156 67156 76772 76772 76772 92874 92874 92874 100555 100555 100555 115543 115543 115543 122634 122634 122634 126052 126052 126052 130868 130868 130868 138731 138731 139294 139294 139294 139294 152572 156697 156697 156697 152572 156697 174911 183671 183671 183671 174911 183671 194267 200333 200333 200333 194267 200333 207421 207421 207421 215821 215821 215821 226636 226636 226636 228824 228824 228824 242709 242709 244394 244394 244394 244394 259359 265800 265800 273410 275266 275266 275266 279113 279113 279113 273410 273410 265800
100 0
14301 15598 15598 15598 15598 26610 35020 37552 37552 37552 35020 35020 26610 26610 37552 57285 57285 57285 60653 70090 70090 70090 60653 60653 70090 74724 74724 81771 83799 83799 83799 81771 81771 74724 83799 93778 93778 93778 96513 96513 96513 104514 104514 104514 104514 120214 120214 123395 123395 130022 130022 130022 123395 120214 130022 140963 142357 152130 152130 152130 142357 142357 140963 140963 152130 160832 161744 161744 161744 169721 169721 169721 160832 160832 169721 178633 182223 182223 182223 178633 178633 189192 189192 189192 189192 198611 200266 200266 210207 210207 210207 200266 198611 198611 210207 225846 225846 225846 235432 235432
100 0
12502 18805 18805 18805 12502 18805 32548 32753 32753 39215 39215 39215 32753 32548 32548 39215 53029 58135 66882 66882 66882 58135 58135 53029 53029 66882 76619 76619 84426 87645 87645 87645 84426 84426 76619 87645 95230 95230 95230 102042 103902 103902 103902 102042 102042 103902 119226 119226 120652 120652 120652 130353 130353 130353 119226 130353 135590 142834 145001 145001 145001 142834 142834 135590 135590 145001 148002 148002 148002 148768 149867 149867 149867 148768 148768 149867 164070 164070 166113 166113 174079 174079 174079 166113 164070 174079 178370 185162 185162 193565 193565 193565 185162 178370 178370 193565 201879 201879 201879 210809
100 0
13768 13768 13768 17967 17967 17967 23378 23378 24966 24966 24966 24966 34420 40072 40072 40072 34420 40072 50120 52668 52668 52668 50120 52668 58069 58069 64129 64129 64129 64129 74406 74406 80801 80801 80801 80801 90870 90870 95177 95177 95177 95177 101921 101921 101921 107617 107617 107617 123859 123859 123859 124653 124653 124653 135063 137149 137149 137149 135063 137149 146326 146326 146326 155595 155595 155595 163666 171878 171878 171878 163666 171878 190028 193679 193679 193679 190028 193679 201076 201076 201076 209991 209991 209991 219485 220949 220949 220949 219485 220949 238984 238984 245679 248663 248663 249663 249663 249663 248663 245679
100 0
16836 16836 16836 35154 35154 39784 39784 42870 50223 55006 55925 55925 59653 59653 59653 55925 55006 55006 50223 50223 42870 42870 59653 66399 66399 75126 75946 80150 83570 83570 84320 84320 84320 92207 92207 92207 83570 80150 80150 75946 75946 75126 92207 103820 106282 106282 106282 114259 123851 131469 137329 137329 142725 142725 142725 137329 131469 131469 123851 123851 114259 114259 142725 156188 156188 158761 161188 169143 174748 177742 183469 183469 183469 177742 177742 174748 174748 169143 169143 161188 161188 158761 183469 193939 193939 193939 199227 208329 211133 221045 227519 227519 227519 221045 221045 211133 211133 208329 208329 199227
100 0
16871 16871 31287 31287 31830 31830 31830 31830 40763 45103 45103 45103 40763 45103 56702 56702 66209 66209 66209 66209 78481 87056 87056 87056 78481 87056 100468 100468 109412 109412 109412 109412 126813 126813 129858 129858 129858 129858 138509 138509 138509 140236 140236 140236 150155 150155 157684 157684 157684 157684 167176 175388 175388 175388 167176 175388 179631 187996 187996 187996 179631 187996 196280 196366 196366 196366 196280 196366 202041 205293 205293 205293 202041 205293 219324 219324 219324 226749 226749 226749 237785 244011 244011 244011 237785 244011 248651 257844 257844 264519 271333 278479 278479 278479 271333 271333 264519 264519 257844 248651
100 0
10979 10979 10979 20012 20012 20012 29952 34508 34508 34508 29952 29952 34508 46516 46516 46516 47878 47878 49739 49739 49739 47878 49739 62958 67346 67346 67731 67731 67731 67346 62958 62958 67731 80557 80557 80557 87579 97323 97323 97323 87579 87579 97323 114669 124386 130665 130665 130665 124386 124386 114669 114669 130665 139442 139442 139442 142269 142269 142269 146456 146456 146456 146456 158882 158882 164347 167966 167966 167966 164347 164347 158882 167966 179768 179768 185223 193430 193430 193430 185223 185223 179768 193430 199861 200519 200519 200519 208334 208334 208334 199861 199861 208334 218882 223884 223884 223884 218882 218882 224181
100 0
2274 11338 11338 11338 2274 15763 15763 15763 22849 24108 29206 29206 29206 24108 24108 22849 22849 29206 32379 32379 32379 36787 41938 41938 41938 36787 36787 41938 54609 54609 54609 56489 56489 56489 58400 58400 58400 58400 69411 69411 69411 76015 76015 76015 83109 83109 83109 83109 94635 100535 100535 106064 106064 106064 100535 94635 94635 106064 119707 119707 119707 128133 128133 138060 138060 138060 128133 138060 155815 158867 162677 162677 162677 158867 158867 155815 155815 162677 181065 181065 181065 191051 191051 191051 196703 196703 196703 196703 212797 219664 219664 219664 224245 224245 224245 212797 212797 224245 234111 234111
100 0
59 14140 14140 14140 18339 18339 18339 31735 35060 35060 35060 31735 35060 46716 55876 55876 55876 46716 55876 63875 63875 63875 70432 70432 70432 83486 83486 89878 89878 89878 89878 94787 94787 100253 100253 100253 100253 112302 112302 122173 122173 122173 122173 131019 131019 133008 133008 133008 133008 148355 148355 150526 150526 150526 150526 161644 161644 164969 164969 164969 164969 180113 184941 184941 184941 180113 184941 191348 191348 191348 197709 197709 197709 198604 198604 207917 207917 207917 207917 211794 211794 214921 214921 214921 214921 225535 230736 231078 231078 231078 231127 234071 234071 234071 231127 231127 230736 230736 225535 225535
100 0
3682 3682 9575 9575 9575 18996 18996 24965 33662 33662 33662 33662 38306 38306 38306 42611 42611 56131 56131 63301 63301 63301 72521 72521 72521 74525 74525 84586 86784 86784 86784 86784 93598 93598 93598 100732 100732 108604 110803 110803 110803 110803 119121 119121 119121 128709 128709 133527 133527 133527 140773 140773 149498 149498 153907 153907 153907 159056 164344 164344 164344 164344 175083 175083 176905 176905 176905 190056 190056 190327 190327 190327 197834 197834 197834 198025 198025 203183 203183 207899 207899 207899 218271 223814 223814 223814 223814 239080 239080 247077 247077 247077 256546 263725 263725 263725 263725 273363 273363 273363
100 0
273363 273707 273363 281545 273363 288930 293154 288930 302570 288930 306278 310349 306278 313088 306278 314134 319466 314134 322841 314134 332511 335800 332511 337289 332511 340202 348193 340202 355842 340202 363551 372334 363551 380394 363551 388392 390005 388392 398472 388392 405166 410756 405166 418739 405166 426893 431361 426893 441081 426893 449110 457074 449110 463488 449110 465706 471054 465706 478042 465706 479674 488728 479674 489785 479674 490506 496957 490506 499696 490506 503791 509910 503791 515936 503791 517870 523252 517870 523619 517870 533200 536289 533200 541789 533200 549429 550515 549429 557627 549429 560084 567862 560084 576914 560084 583704 585987 583704 589506 583704
100 0
751668 167340 937836 1000000 758643 37146 972189 596556 529159 902841 287539 336711 963649 458203 300286 695435 419705 388945 8853 448822 709153 45978 1000000 30126 417167 896542 1000000 406869 934135 114313 742651 685803 281652 680487 306008 556646 233984 1000000 153201 279494 697388 957091 616205 661037 415294 432842 356471 351350 821787 881675 316523 47291 444004 907623 77416 861170 804164 634975 784390 738299 749287 527041 940453 547290 207527 762812 620287 441510 557359 289839 721003 254746 246930 853559 915782 178575 802753 788605 46276 624539 670279 362798 188181 114283 270420 265596 491804 590936 900570 276194 845586 166209 319586 302390 713498 527112 65201 333785 484973 622559
