77
32 55534064877052825
4 46520
29 1002242216654845
34 812944042149737866
73 675520000000000001
21 24466268816
30 489798489286289
26 18367353078614
3 6
1 1
21 8927239441
69 1
3 5
14 653401
73 240000000000000001
3 3
25 4861946403549
30 1058976450040209
7 252
2 3
25 4861946407040
19 470721721
43 1
51 1
10 8965
26 12593131504241
22 91482570977
35 1
33 96224422157140831
21 4543677301
20 6564124317
31 14544636039230110
32 37042029296874631
21 16766287741
62 1
6 46
53 800000000000000001
3 1
10 3790
11 134722
27 69533550993269
100 1000000000000000000
7 256
2 2
8 374
5 13
55 24000000000000001
6 33
24 1289904147823
99 1
1 2
55 1
12 70953
29 652302932304577
4 12
2 1
44 1
57 1
3 4
28 263747951751632
9 13704
23 343059615287
27 69533550920304
80 1
54 1
46 1
59 141696000000000001
30 3814986502094749
23 76455688051
59 1
56 1
61 1
3 2
19 1453024441
33 212336130412250196
32 19289407425687169
19 875768251
