97
4 2
4 12
10 11140
7 256
2 2
7 248
9 802
4 6
10 100000
7 307
9 2243
4 6411
10 19830
6 92
8 374
6 46
10 40309
4 46520
5 22
9 941
7 228
8 1320
7 208
8 1246
7 2534
6 84
9 23420
1 2
8 5808
6 60844
6 33
4 7
2 1
8 21704
8 19
7 196
6 4117
5 19
7 252
9 5332
6 1983
1 1
5 13
8 838
10 3790
6 22
4 3
5 915
2 3
3 2
8 427
7 243
8 912
4 69117
3 4
6 56
7 215
4 8
10 20782
9 3154
7 280
8 2160
6 98
3 3
5 19
4 11
8 437
9 3423
6 3
4 12
10 6007
7 5650
7 266
3 6
7 14
10 20126
5 1781
3 1
5 23543
4 7
4 673
6 83
5 13
9 7896
8 1351
9 4634
9 13704
4 7
4 45943
10 5650
10 16502
4 11
5 32
3 5
9 37656
5 58608
10 15477
