100
329451 917274 734940208823693375 81353
811673 653322 435747898702960000 99938
35880 68722 110205329974087602 99962
615654 967747 225380301682311125 99960
0 0 108210626105499452 57977
0 0 913366124994690039 1
56502 457053 222737743076744596 12235
770588 969674 404496921427173652 99969
999635 857989 605479314292076982 99922
408813 183020 569526337866329254 99931
173271 469341 12521916096380262 99963
477517 553727 773331901156155089 61220
885528 448432 464005520360175305 99952
887264 443820 333590581982161437 99937
110881 741938 408715292770915584 3534
194848 334120 41068360049493432 62155
261724 65908 668940189906092662 26692
102950 87599 396102934829612168 99921
498548 454235 802341796298607452 45894
414340 114859 211877183541561447 61646
399625 537157 112382823073453215 8128
984649 436766 527673009922830791 99943
585759 651354 238416084940208155 99982
969781 363656 296002033580966061 99978
758419 812240 558863025707078934 93357
749590 2574 900323270044766394 1162
0 0 1000000000000000000 100000
350692 429434 230786643757511578 99905
0 0 100 199
956404 311639 430956873086843373 99971
776045 120447 507735299955438172 30385
495868 395589 210902057151538406 99998
737405 93541 92753896224968582 99915
807213 245414 168976652024622875 99912
413037 630858 401391986178533087 55342
201568 0 925830551144927008 1
0 356584 230133420514235354 1
964176 830561 250273070944768228 99950
349804 970403 521739911144223430 99949
688062 147896 525200855469618408 32492
398224 89239 659438051655217815 27804
816761 569572 913106352068585339 99977
0 697048 694898474430564050 59346
742696 929855 582188969424514259 74768
734596 117113 721293299631115962 44673
63775 0 41609307633928345 2112
57789 318758 973452198683228468 945
970446 426320 576168222059485062 48477
459590 483664 349990249845329131 99982
675427 504699 832527531220475517 86293
168558 321535 15034871300439218 5079
666005 411398 6600096377513044 2386
0 0 10 5
830084 365046 576862944537888681 9647
297880 145616 934377012351776156 49641
697275 441296 84769525108156090 11902
469533 757315 146095192555969484 99953
489203 505694 545594163788880681 44444
482607 0 95042238126713600 1
101304 870352 520980856936930148 15830
25041 723432 838910181460218152 45635
824615 248536 359455559469467012 29589
345280 285872 82980234620877845 97193
839020 785781 136812840132188056 99984
274063 524394 353015773656473712 8812
29522 983365 610749601569157984 99982
425547 382965 406455144009510501 99974
873916 279921 697293699197093823 99910
508940 500450 431194166184512678 52969
769503 509828 869436563993188609 99934
789741 640399 786403036122908343 93901
758309 378688 550034877735344900 60538
942850 559370 42027891534984679 99957
493567 740334 463052849032349040 99971
502173 798422 433518808664047482 40440
983220 63865 32600254865934838 99988
434717 389243 798186181239335922 5880
504827 771030 782050592542533577 63580
13526 895393 63060407201218885 99912
521316 983509 518452594109110945 99988
562107 816588 105371847932477319 99940
479693 440718 315510019592266425 99942
730736 427319 410547716340012471 99932
883597 954181 211865620334916543 36840
411134 487207 964077014317999053 77424
751492 780330 522665568602747708 99938
347931 404516 254607597143879625 99974
490169 673908 58546498631433246 99960
105566 999531 578860152767918552 99904
389263 520321 984829893377436706 99974
310423 133687 639524641664700105 99915
81819 774794 584794437598979982 24867
930820 194057 135966036760981463 99913
507193 17977 374650600791217343 46694
641355 77458 538553756340575691 99963
364010 340241 427246896681154932 24281
906046 126488 211093806635371966 31204
662270 369056 821216063098402597 38447
460256 691106 985514469982307960 99983
555992 967140 439098939135839048 22545
