100
82948 0 838 1
642361 882107 103 5298
775258 533510 975 7805
367024 9579 78 3112
122121 921508 742 9925
204447 381599 727 9974
153476 676440 535 9912
342559 296196 890 2473
19240 751495 55 834
532925 886398 634 9928
772818 483105 337 7522
540018 37177 97 9978
549836 721659 270 3602
827163 484506 410 7199
603771 737355 666 9979
465896 932845 951 8375
675283 0 70 1
837134 753417 242 9983
234869 860821 492 713
857556 122750 118 1137
504524 409007 541 9976
799375 179259 484 9969
581889 938062 893 9916
408777 71069 71 9904
49297 213798 87 88
831183 961820 146 9903
959884 19307 780 6591
283357 385313 629 9930
780487 288569 74 9955
699897 741399 94 9966
316093 608890 266 9944
857923 294993 227 9930
587158 239271 729 9966
961487 153246 61 9989
175045 135453 583 9965
185775 444673 536 7562
157185 760290 386 9956
816528 727970 451 8593
982162 552799 252 5615
623091 642797 109 9979
706173 30142 10 1102
264524 103251 685 9959
0 0 10 5
994278 568909 579 6908
635499 128022 389 9983
651732 199897 32 7151
162321 820301 505 2859
0 0 123 3234
560859 778758 362 5549
332271 537444 27 2319
645718 443879 17 4583
748748 0 298 6097
7599 429653 428 9911
0 0 39 1
942096 594669 228 197
458460 270885 766 9987
763550 529345 232 1584
668433 238714 302 3642
495597 935135 103 6942
952681 723384 710 9966
197202 369725 191 9985
782010 236058 880 9847
408894 527203 659 8214
764617 204421 758 9964
771756 745497 869 9983
310985 971833 442 9884
711353 401829 436 9947
989833 433450 178 6798
245423 440610 821 2481
164414 877230 281 8948
576171 83608 754 9993
172644 934352 691 9924
298319 557813 338 9918
0 0 1000 10000
934042 503275 982 7136
648875 851134 824 9995
946121 740610 729 9934
437690 364631 732 9989
238233 491138 695 9947
19811 960778 154 9907
511212 101049 439 9997
42618 10127 332 5468
75536 297451 129 2050
0 221814 718 4087
803739 415180 565 4793
115996 315032 444 5073
424639 822169 175 7455
744765 210702 377 2717
381490 569212 760 9945
832835 277580 488 9996
616922 908208 994 1978
18193 381875 646 9944
369864 771158 888 9910
729012 122316 274 9951
0 0 100 199
775669 262064 497 6837
906171 369846 77 9964
150834 21893 142 2165
0 968353 37 1
729872 580078 315 3037
