50
1000 1 19 15 17 14 8 20
1000 8 19 14 16 1 4 20
1000 10 12 9 15 14 1 20
1000 0 999995001 1 0 10000 10000 1000000000
4 726765922 804914363 0 0 513037208 872095171 985654101
3 91942057 106002120 0 0 858802987 774878078 955732652
1 37719920 342125497 0 0 502129993 907837109 982569611
4 58104718 872389036 0 0 932349769 842448131 912389039
3 360158094 373439218 0 0 317109614 745410168 999152078
1000 52782189 829155116 0 0 965491442 259378905 964120152
1000 515701860 701785219 0 0 609554618 332039946 963821734
1000 122320754 955710046 0 0 859218614 92565412 988477336
1000 38606134 672848816 0 0 592297003 262461601 982667000
1000 499932600 878535294 0 0 73617354 206003364 988634652
1000 430128328 574456937 996825805 882316950 0 0 999555781
1000 74251349 663338004 426591692 862411058 0 0 992930248
1000 588557863 710791549 227794674 20446537 0 0 996171589
1000 507591807 949748455 627449981 322699891 0 0 942145196
1000 320860044 344646338 113881443 674635030 0 0 922953792
1000 222545890 454357993 86576665 87434738 594061555 999969705 954923756
1000 613386173 765996860 968772306 130936084 616588504 199182842 982046602
1000 66701318 901092675 759344400 178883963 182013777 829175593 973003938
1000 865630625 923108292 441491495 344542823 172792288 996091562 867149897
1000 291406200 666009088 147852590 606077074 673813303 599391441 952886887
1000 458055159 980150476 820137133 904409634 110376602 617903737 981368622
1000 749581430 885778254 151543136 156083653 553508260 24842585 989321960
1000 66759959 857659485 99693665 379606413 996814715 79803086 926968400
1000 659220813 776299467 178690284 604573471 258854381 948183805 970386756
1000 405904861 427476578 796671957 601278722 339264045 926866517 984191895
1000 107988552 160570531 709004508 361471961 156828162 558164340 996380714
1000 391353040 806865003 65640473 550954229 812107306 807698108 987057869
1000 162749911 531214085 374036699 521785176 135982288 3248393 865146423
1000 74750217 748707194 867072060 51990097 220803292 88733572 987123715
1000 320692768 411697731 729118959 643884585 593791114 9395538 926284721
1000 69074447 348246254 475268908 567938255 614383733 430999327 938389688
1000 23972839 773711423 570172031 595438195 653769135 57775217 971073168
1000 419027715 701169494 963919765 135408016 87017580 582671729 890375038
1000 17492242 396226457 865267504 699095111 907613124 613123235 945004740
1000 375338649 701692721 11612954 803248009 4953811 473356997 914465865
1000 771936029 884763682 536997683 231321758 856660815 85714881 993546051
1000 546171601 877730805 447084516 973213491 471603951 589859213 997519791
1000 419983338 498122163 855953418 597714776 869421538 972447334 920132194
988 179158143 984769061 198922357 894088213 892151980 843770620 915768221
908 109904917 918094139 601310366 500818119 326463302 449294431 990163762
959 482126209 532705143 544232865 283463011 905066448 260161859 961129838
987 152640563 835967273 351211088 617461985 101077146 29676191 997260658
1000 347099995 765089016 831667406 437252280 474561386 247569202 890120382
1000 447357687 493721399 137851721 996782063 101930363 160529198 982191894
1000 143122375 958734529 173804264 942219397 160990745 493899578 921347053
1000 386194916 580327204 998401248 216708297 178903672 587085962 990583159
