50
1000 1 19 15 17 14 8 20
1000 8 19 14 16 1 4 20
1000 10 12 9 15 14 1 20
1000 0 999995001 1 0 10000 10000 1000000000
4 107937835 401167339 0 0 720306007 652680486 940287539
2 74278193 356233983 0 0 34289838 71557358 974415294
3 898246929 901254745 0 0 223092236 193386903 849853559
2 355894988 918565477 0 0 424538176 727306282 986302634
2 306342160 498339200 0 0 965494565 249557282 989566221
1000 325550362 639844493 0 0 446122556 142264012 995638942
1000 91117257 877319177 0 0 880630463 633262758 955673160
1000 86307996 902080130 0 0 313560447 34230606 990068520
1000 143588573 330378957 0 0 721597260 526760648 975665250
1000 375421398 595011451 0 0 880885190 407473448 994798287
1000 81690777 365965473 841795799 373460263 0 0 977477983
1000 212979028 441669385 79531254 148034217 0 0 978764899
1000 357743716 761933460 428357470 394002981 0 0 983920213
1000 387718062 848464538 19419289 378540473 0 0 855391620
1000 294934731 844132914 986296919 703614834 0 0 941027852
1000 704640388 954494174 946959360 421065265 297218756 290298908 805696581
1000 634945462 747526166 381608569 58071641 634866637 632685674 985275935
1000 411508507 882883932 510927465 683876380 594099922 280085139 972712706
1000 513599011 804897384 470532555 83044185 238259911 499492426 970008604
1000 526932519 775647934 712692559 53375699 880264726 397551153 961718474
1000 474370844 589202800 991232106 608594157 302112933 606745306 986605451
1000 243071796 473798825 826554625 574199813 503623340 594084877 968747760
1000 14525448 40092286 184990985 500547916 869028354 506794061 997497857
1000 270124997 659317814 793887005 489442553 73604170 784517752 970076257
1000 260066800 422215435 423628280 327869625 5429397 260918571 984382061
1000 115489331 277061307 452552152 845803452 396747379 942132301 984493261
1000 132399427 498619559 732539260 922093518 188215294 259316585 908180673
1000 7907564 139790928 829220542 211429293 323888579 596270848 917986378
1000 833342822 889916151 773926040 495835993 767715301 935294428 986115261
1000 8516701 991466188 629750402 849260304 501427584 146435680 971267463
1000 591180314 882332435 734847687 454727443 106646370 697680243 990341644
1000 44575632 883827372 610590274 939911278 582734754 626026699 999383725
1000 696139335 874443661 24096121 20118914 10791307 123205674 997305297
1000 42441372 60656911 958503229 918841335 40594584 260861794 982354674
1000 869899504 948837996 821980417 12746543 556897563 211903027 902470669
1000 581412098 867256595 359771394 369664410 34969508 737527778 995549552
1000 423349527 886102859 65096280 50380878 650064103 126165314 965502458
1000 116338889 228152755 538465149 111028160 756447332 385992452 959693978
995 907366511 907935472 77060252 236093627 810228851 143100839 979044759
887 224016379 353074180 447441298 409827729 624321818 759315695 926050844
976 415450912 452194701 325050770 682914898 572982261 804438866 934785185
940 152478128 399262174 211651060 289971920 67028935 859915 938932958
1000 747258201 810837965 157607819 147857116 546361553 9403249 985708554
1000 319264578 740487866 136469015 264582719 47654976 213482726 894218150
1000 51818418 503870602 422534525 337489526 654272510 892739148 997077626
1000 41097652 503866488 289876895 17078861 988097638 45347713 956144255
