100
97 999999961
42 999999948
55 999999871
71 999999906
91 999999770
82 999999657
1 999999762
68 999999763
78 999999760
61 999999993
11 999999753
23 999999755
29 999999729
65 999999878
12 999999678
38 999999570
54 999999769
41 999999956
72 999999563
36 999999513
60 999999527
3 999999565
94 999999900
81 999999907
4 999999622
33 999999908
51 999999547
37 999999946
52 999999759
89 999999920
96 999999914
93 999999719
64 999999665
66 999999528
31 999999672
40 999999775
2 999999684
74 999999934
17 999999713
1 1
24 999999853
29 999999841
100 999999596
31 999999595
7 999999816
46 999999585
4 999999549
90 999999583
87 999999959
98 999999658
51 999999995
70 999999848
88 999999780
73 999999574
14 999999635
100 999999600
14 999999850
99 999999646
45 999999740
23 999999648
86 999999608
42 999999800
31 999999620
23 999999529
45 999999958
80 999999894
25 999999555
14 999999883
26 999999569
95 999999790
76 999999523
49 999999911
92 1
62 999999552
85 999999977
48 999999734
25 999999663
79 999999943
53 999999542
58 999999945
51 999999727
31 999999603
59 999999877
43 999999969
15 999999766
63 999999558
31 999999694
77 999999629
16 999999717
47 999999524
83 999999950
48 999999955
67 999999844
50 999999519
23 999999787
84 999999820
75 999999530
33 999999825
92 999999947
69 999999781
