35

2
1 3 
2 4 
2
4 2 
3 1 
7
23 24 25 26 27 28 29 
30 31 32 33 34 35 36 
37 38 39 40 41 42 43 
44 45 46 47 48 49 1 
2 3 4 5 6 7 8 
9 10 11 12 13 14 15 
16 17 18 19 20 21 22 
3
5 6 7 
8 9 1 
2 3 4 
6
34 4 22 12 13 26 
36 9 20 17 18 25 
16 23 1 2 15 32 
11 35 28 6 3 33 
7 21 29 24 5 30 
19 31 27 14 8 10 
4
1 12 7 5 
9 3 10 14 
4 6 8 16 
13 11 15 2 
2
1 4 
2 3 
7
40 41 42 43 44 45 46 
47 48 49 1 2 3 4 
5 6 7 8 9 10 11 
12 13 14 15 16 17 18 
19 20 21 22 23 24 25 
26 27 28 29 30 31 32 
33 34 35 36 37 38 39 
4
10 16 13 15 
3 1 6 8 
12 7 14 9 
2 5 4 11 
6
22 20 35 10 6 24 
17 25 21 30 5 27 
26 9 29 19 4 2 
31 33 18 23 15 1 
3 28 32 12 16 13 
7 34 8 36 11 14 
8
34 36 10 47 60 53 11 23 
28 30 40 9 63 2 27 46 
5 42 32 19 21 51 20 14 
4 58 35 56 31 54 39 13 
52 48 50 8 43 7 45 29 
61 18 3 62 12 17 59 15 
22 64 37 49 16 38 6 33 
57 1 55 26 24 44 25 41 
1
1 
10
22 28 33 72 100 12 69 55 47 68 
51 64 59 10 66 83 44 38 7 16 
86 53 29 94 58 50 65 23 93 9 
21 95 46 56 80 35 92 71 8 24 
77 25 63 3 76 13 96 88 19 14 
70 98 52 32 2 84 73 61 4 87 
89 27 11 74 57 1 34 17 62 97 
85 26 54 82 60 5 30 31 90 45 
18 42 43 81 6 49 79 48 99 37 
75 15 67 78 91 41 40 20 36 39 
8
33 38 41 35 9 45 50 16 
52 36 30 20 37 43 54 34 
22 42 27 11 6 40 39 24 
31 32 10 60 23 29 13 5 
64 8 4 44 57 63 14 47 
58 2 25 61 55 15 28 19 
26 46 18 7 62 12 59 3 
48 53 51 1 21 56 49 17 
6
28 23 19 31 3 12 
5 7 21 17 22 16 
8 4 18 9 13 29 
14 24 25 10 26 32 
1 6 11 36 30 27 
35 15 34 33 2 20 
8
8 55 26 27 62 54 3 32 
30 10 43 20 18 33 9 49 
52 35 36 61 23 11 24 44 
45 38 41 25 13 21 63 58 
59 16 56 60 51 46 47 5 
57 64 14 22 50 6 4 7 
28 31 12 37 29 39 19 42 
1 15 34 40 53 48 2 17 
2
1 2 
3 4 
2
2 3 
1 4 
2
3 2 
4 1 
9
16 43 50 3 54 5 18 1 53 
73 13 37 27 8 40 65 11 47 
19 77 80 34 63 71 66 12 60 
72 46 56 62 9 55 57 24 76 
49 15 7 28 22 38 59 58 39 
14 67 23 64 78 25 30 75 69 
42 21 29 10 68 31 61 2 26 
74 51 79 17 32 45 4 52 48 
35 33 20 41 81 36 6 70 44 
6
14 15 16 17 18 19 
20 21 22 23 24 25 
26 27 28 29 30 31 
32 33 34 35 36 1 
2 3 4 5 6 7 
8 9 10 11 12 13 
5
11 10 5 8 16 
1 14 22 6 4 
9 15 12 2 18 
21 13 20 25 23 
7 3 19 17 24 
7
13 45 6 8 30 37 19 
41 20 12 24 35 38 31 
11 21 34 39 32 26 27 
23 46 16 3 18 48 28 
33 43 7 22 4 49 42 
2 5 17 9 1 47 15 
40 29 25 14 44 36 10 
9
34 47 74 24 71 51 29 59 13 
73 18 41 7 8 77 79 56 75 
60 49 19 45 63 38 39 11 9 
64 21 1 2 4 76 30 23 31 
50 26 17 20 53 15 66 55 22 
27 12 37 69 70 35 3 42 58 
44 40 65 46 16 80 68 72 33 
78 25 32 10 52 14 81 28 6 
61 36 62 5 48 67 54 43 57 
2
1 2 
3 4 
4
3 4 5 6 
7 8 9 10 
11 12 13 14 
15 16 1 2 
6
9 10 11 12 13 14 
15 16 17 18 19 20 
21 22 23 24 25 26 
27 28 29 30 31 32 
33 34 35 36 1 2 
3 4 5 6 7 8 
7
19 26 34 12 25 48 40 
32 43 49 39 28 44 1 
33 14 8 15 23 6 38 
3 21 24 13 9 7 41 
42 17 31 4 45 27 18 
20 29 47 22 30 5 2 
16 46 10 37 36 35 11 
8
33 7 60 50 54 37 22 43 
14 55 49 64 62 15 38 29 
59 57 24 23 63 25 9 53 
3 32 2 61 47 17 4 31 
48 51 8 5 56 42 52 35 
21 39 44 6 11 30 58 10 
36 18 1 20 26 45 16 19 
12 28 27 41 13 40 46 34 
8
55 34 7 60 2 18 10 42 
19 27 11 47 14 24 40 30 
48 4 58 32 54 26 36 15 
12 61 8 64 33 62 56 21 
38 51 5 57 39 23 29 17 
9 1 41 20 35 37 59 63 
16 22 28 44 52 6 3 13 
43 53 31 25 45 46 50 49 
2
4 1 
2 3 
4
13 2 14 12 
10 16 6 5 
1 8 3 15 
7 11 4 9 
2
3 4 
1 2 
2
1 3 
4 2 
7
23 45 6 25 22 13 9 
30 40 12 20 33 16 28 
4 46 42 48 21 41 11 
17 37 36 15 29 3 10 
47 5 43 27 26 1 19 
34 14 24 49 44 31 2 
38 18 39 32 35 8 7 
