50
82401 102094427 810455845 66 21 13
66007 374058622 963452933 35 29 36
88288 984014369 800833373 71 29 0
96014 105237583 597674982 78 9 13
95498 908438376 397883487 52 18 30
69190 736376452 833766255 32 66 2
100000 536870911 0 10 30 60
10 805306368 671088640 1 98 1
100000 0 536870911 10 80 10
88684 523892261 135289341 55 16 29
1000 536870911 0 10 30 60
59130 609959514 938955945 1 78 21
51157 850599239 736440408 65 23 12
10 536870911 0 10 30 60
69454 878343788 6978080 53 1 46
82310 18458818 672354890 19 27 54
10000 805306368 671088640 33 33 34
100 805306368 671088640 1 1 98
68915 798775814 817154536 46 39 15
68578 484116014 368750011 66 28 6
100000 805306368 671088640 98 1 1
1000 0 536870911 10 80 10
91388 46951432 937028355 77 8 15
100000 805306368 671088640 1 98 1
74373 968211752 868722417 89 2 9
82854 896894316 245005964 41 8 51
3 610967840 189124046 22 33 45
81334 411173823 843291371 100 0 0
95981 470551819 326942157 28 0 72
5 531559310 144059540 22 33 45
81025 948254171 271369506 45 47 8
69570 575593424 584596759 59 14 27
1 818961667 70650696 22 33 45
74454 487723884 867118188 29 39 32
69157 163314401 270493013 27 27 46
100 805306368 671088640 98 1 1
10 0 536870911 10 80 10
10 805306368 671088640 98 1 1
86499 939080681 263492763 58 12 30
74324 537277426 224284029 68 22 10
10 805306368 671088640 1 1 98
75964 392351695 398336611 40 28 32
2 269340991 622295210 22 33 45
100 805306368 671088640 1 98 1
95662 888115014 568954850 78 5 17
53619 882843865 70789807 32 18 50
100000 805306368 671088640 1 1 98
80878 725245871 749207051 78 3 19
60240 83552967 515118908 33 66 1
85589 142502306 145290009 51 16 33
