1000
32 15 55
81 40 43
93 21 57
100 60 84
62 67 78
16 81 80
8 64 34
75 18 15
76 87 22
27 5 38
82 56 91
91 10 23
82 24 95
10 33 21
100 45 18
100 66 13
69 82 83
64 15 25
14 65 87
74 86 67
90 14 81
67 89 59
26 54 1
70 29 55
20 18 1
96 46 9
48 77 79
63 75 34
8 58 1
6 54 76
74 77 38
34 85 73
48 64 69
90 16 86
37 65 24
63 53 74
25 54 15
74 98 45
19 13 36
49 35 2
72 17 12
40 76 92
19 77 72
67 43 16
14 58 26
41 58 27
93 91 57
49 11 58
93 40 71
44 5 97
33 70 76
82 97 70
92 40 17
14 30 25
79 31 94
40 47 81
13 17 1
70 100 38
65 77 76
92 38 94
100 17 30
58 20 22
53 77 48
62 90 75
79 40 83
78 12 26
75 30 25
4 84 60
59 46 2
12 88 91
88 93 40
96 31 25
12 39 71
44 52 32
82 35 76
8 87 8
15 12 1
51 57 31
85 16 71
15 90 92
95 85 18
98 22 42
56 91 37
10 32 14
97 87 65
21 84 62
53 61 85
80 46 30
19 32 69
85 55 91
21 6 39
28 88 81
34 26 6
80 33 25
58 58 81
9 67 98
44 26 6
8 44 91
66 26 38
10 19 4
29 2 60
8 67 44
64 16 62
46 100 56
20 56 46
54 69 77
54 99 95
81 13 32
69 91 72
70 57 74
8 61 3
61 38 36
61 18 70
4 64 27
37 13 100
77 83 58
44 95 98
31 37 19
55 93 15
10 87 38
89 80 24
93 92 92
18 13 17
27 81 7
35 43 32
13 62 69
70 35 42
100 55 38
98 96 13
79 12 10
91 24 30
53 6 61
84 53 47
98 29 77
92 82 14
29 21 89
83 89 31
77 31 9
95 24 55
27 97 67
10 55 4
55 82 21
36 42 44
27 23 72
46 59 25
34 74 94
60 5 38
91 63 85
93 68 55
7 13 96
76 82 99
7 62 58
63 93 100
13 15 75
38 96 19
82 32 14
17 42 4
64 70 73
57 66 7
100 31 47
73 60 73
26 57 61
64 20 30
86 67 92
36 17 39
17 79 13
71 86 34
73 5 80
15 73 20
80 80 99
73 81 87
69 39 59
53 52 65
70 59 36
30 29 57
95 52 21
67 45 84
0 20 25
25 43 87
3 98 22
20 39 43
65 89 98
17 46 54
95 95 17
23 74 80
70 93 6
44 4 23
75 28 25
82 87 30
97 7 12
1 28 70
81 53 85
45 39 23
11 45 87
97 82 93
0 55 55
44 27 57
83 15 78
63 5 13
72 84 72
88 98 52
13 94 70
29 75 87
1 74 53
6 45 79
37 54 52
91 83 54
93 24 72
25 60 20
16 48 34
83 77 15
33 44 96
29 90 66
73 4 82
53 80 34
53 48 96
93 54 6
25 63 58
93 8 68
2 93 86
61 95 87
41 5 75
29 11 42
77 65 16
33 69 55
9 78 90
28 16 5
21 80 63
69 11 77
42 65 78
45 3 87
42 62 90
95 59 36
12 33 57
69 26 21
7 56 41
56 44 57
53 85 73
79 74 13
3 82 67
82 79 96
63 18 95
89 48 39
34 10 100
5 19 45
84 63 23
37 3 58
51 34 61
26 26 94
35 9 73
61 9 64
82 70 56
2 96 76
76 41 73
54 84 33
10 22 75
3 19 75
10 37 85
99 92 60
22 54 16
55 4 97
89 84 47
18 66 28
4 64 60
60 81 24
55 37 9
1 87 71
100 18 7
28 74 83
67 48 15
89 21 73
84 74 99
12 59 63
13 9 38
9 10 84
41 48 10
84 40 70
34 27 91
45 83 96
98 100 65
94 53 82
35 68 35
99 70 86
42 8 52
69 96 3
87 63 13
41 26 27
52 79 95
58 12 24
23 65 87
82 86 16
77 46 25
47 8 15
2 21 41
99 61 22
59 30 79
15 72 4
40 9 35
43 24 79
70 25 2
87 21 91
59 72 79
83 81 21
28 14 70
90 58 66
14 60 30
99 99 99
12 7 78
85 13 84
3 96 47
30 5 25
51 26 61
50 78 61
27 69 53
23 17 75
92 55 47
90 69 60
97 70 4
13 69 20
75 36 52
100 27 67
98 6 75
43 81 99
11 78 3
85 96 27
57 71 100
31 9 97
21 17 22
70 35 40
43 47 33
7 54 41
4 8 40
34 66 96
12 55 55
7 95 21
47 27 41
23 68 11
73 79 96
90 98 72
75 23 60
41 85 26
52 27 39
0 15 62
31 86 25
13 46 10
56 80 4
29 25 59
25 55 35
38 8 35
63 74 95
18 82 44
54 84 77
7 21 17
66 17 16
19 53 6
14 19 22
16 86 46
66 22 24
71 28 11
34 67 6
73 81 29
34 15 71
53 100 79
51 61 55
99 62 71
89 8 11
83 53 23
44 65 58
6 74 68
32 71 93
7 13 7
46 74 16
84 1 80
56 6 32
11 72 92
92 80 87
82 47 30
78 13 34
77 21 90
12 9 17
84 48 1
31 30 58
85 70 9
37 29 63
66 96 69
93 73 82
87 63 16
71 75 25
100 37 76
96 97 9
89 37 94
2 57 53
95 53 33
14 98 61
14 33 90
50 22 62
75 12 4
90 93 62
53 5 47
70 70 72
42 93 63
52 90 42
76 7 28
74 24 4
83 88 33
18 89 10
9 70 2
61 30 32
31 47 82
67 3 26
29 21 13
51 65 58
97 83 99
69 96 28
19 41 36
34 5 87
92 3 36
98 69 74
85 12 5
96 74 56
52 20 71
48 59 23
57 76 73
41 97 68
91 25 16
93 79 38
79 6 30
93 6 84
81 79 13
20 14 88
33 35 34
16 74 2
88 40 84
84 75 56
70 44 46
67 73 45
18 75 8
56 61 7
56 22 38
86 23 47
98 13 29
67 60 11
67 94 53
57 92 78
67 67 62
16 93 89
79 48 79
47 68 48
85 9 98
7 55 85
16 5 23
36 4 21
20 2 14
100 54 94
40 5 31
79 70 92
23 1 19
21 26 87
6 53 79
27 61 19
24 24 77
19 87 86
97 18 34
60 87 90
57 58 89
13 47 81
83 21 71
98 38 32
61 55 7
49 79 11
17 69 21
0 57 27
41 12 92
93 62 88
59 96 91
95 11 94
97 61 94
12 71 89
31 90 6
96 33 27
23 3 100
46 13 17
43 89 76
76 45 72
46 100 80
38 13 28
59 30 95
94 73 33
1 73 59
75 40 70
24 1 68
19 61 77
14 81 78
81 3 94
10 33 33
0 2 42
100 23 20
42 93 80
19 80 12
92 10 71
50 58 100
75 71 84
20 11 46
51 9 46
54 31 99
44 60 67
86 33 83
71 52 15
71 76 48
38 27 52
23 21 97
28 44 77
95 33 26
36 60 91
7 52 33
98 83 39
78 3 72
74 32 16
91 2 82
100 70 91
2 64 93
19 38 41
29 35 24
77 46 98
57 10 21
52 10 20
9 77 77
58 27 76
76 85 40
95 62 96
88 45 37
100 89 96
77 18 99
27 23 13
2 86 38
56 57 34
100 33 89
50 95 41
16 58 27
95 61 13
78 22 46
33 12 86
73 67 79
66 15 25
10 9 17
95 23 15
92 4 28
66 75 25
80 94 17
60 83 20
6 27 73
84 79 64
60 24 94
19 78 93
60 34 72
11 69 57
48 55 54
70 42 40
72 82 11
41 87 80
98 85 64
100 87 47
53 48 15
33 84 61
64 85 30
8 20 80
61 58 61
77 89 75
46 60 37
52 39 2
6 23 99
88 7 40
34 99 40
25 12 74
87 5 14
6 26 84
60 86 100
29 72 80
14 10 10
45 24 72
75 91 13
13 55 55
91 96 80
87 22 56
37 33 85
87 47 83
89 11 13
57 85 91
19 77 96
61 11 61
12 85 59
86 92 88
39 68 98
73 9 85
49 2 81
81 45 30
60 57 42
30 94 18
75 52 73
30 17 52
47 92 81
8 2 87
67 53 15
53 3 4
94 30 5
66 16 67
49 34 10
91 5 25
38 87 35
13 45 52
67 43 20
78 23 25
35 45 55
37 43 86
93 94 28
73 44 1
68 88 5
25 17 18
91 48 60
88 55 34
57 87 8
39 39 55
96 44 13
91 9 77
31 9 89
12 3 26
36 98 27
17 6 40
35 71 80
80 70 89
11 92 53
75 9 23
61 11 30
100 66 7
46 71 15
65 88 97
87 66 72
65 19 26
98 41 60
75 79 54
96 80 66
5 95 26
21 53 4
28 13 37
20 41 6
94 29 22
39 85 37
52 37 89
100 89 76
51 36 99
22 75 38
85 67 94
1 87 21
86 82 81
13 42 34
45 12 15
49 42 78
96 10 58
38 55 3
24 100 35
14 59 83
63 38 11
54 93 10
84 95 42
97 40 88
87 20 40
90 67 82
47 74 14
26 20 90
18 22 25
49 47 74
36 32 85
53 28 74
52 60 75
10 34 81
17 89 70
11 32 65
79 91 11
78 28 15
77 28 9
18 69 54
60 4 61
72 53 57
74 9 58
18 28 91
95 29 87
35 29 87
88 17 98
98 55 70
70 67 75
24 26 19
90 48 65
54 28 31
23 7 39
41 35 64
68 82 88
90 72 20
87 40 57
84 90 42
55 98 32
52 91 16
93 61 47
15 28 37
18 18 95
74 32 14
25 40 82
28 100 1
47 1 94
30 44 90
25 23 43
60 2 68
45 24 7
0 30 70
82 77 39
85 33 65
55 3 20
20 28 98
70 88 73
83 83 38
37 77 96
52 56 84
50 66 61
100 1 1
77 75 10
94 7 87
91 59 33
2 32 95
81 8 37
95 21 59
1 23 28
16 66 96
5 21 40
45 58 33
28 96 15
16 43 68
1 45 6
33 61 4
34 78 21
86 25 64
20 62 88
57 27 68
81 38 96
29 42 62
67 10 77
97 48 53
34 59 57
13 35 36
83 27 46
50 69 97
97 40 45
6 56 93
23 36 86
17 78 67
88 76 98
22 34 52
7 33 36
1 22 6
16 54 82
81 4 75
51 46 69
59 98 12
73 32 97
31 46 91
7 79 5
73 35 23
54 6 54
47 88 70
30 41 28
82 98 10
37 87 8
88 98 54
92 33 47
14 36 81
100 84 31
4 17 11
1 81 66
5 20 37
79 46 84
98 80 87
97 76 47
12 8 16
46 26 68
23 60 91
32 98 7
34 78 66
36 12 28
46 83 61
30 5 55
37 26 33
52 29 5
68 45 5
87 57 12
97 44 64
79 29 41
84 90 1
76 27 10
48 69 67
82 65 54
75 56 53
75 53 41
81 64 70
17 43 82
22 45 39
91 54 60
8 92 17
33 18 17
20 71 63
71 75 75
18 75 3
99 58 92
23 24 41
51 82 15
28 9 52
69 77 100
87 37 36
43 82 18
32 38 20
45 61 96
60 29 94
17 75 28
67 1 56
74 35 78
77 91 2
39 62 18
55 58 79
57 53 73
31 40 41
84 70 75
4 87 25
78 12 41
27 86 68
56 30 6
94 6 97
100 74 54
75 76 37
61 71 58
48 21 33
42 67 14
61 65 100
55 65 61
62 18 5
38 10 22
79 67 41
57 28 81
30 60 84
75 31 59
57 64 92
97 24 78
56 48 75
21 61 42
51 76 26
94 24 53
84 30 23
91 74 34
32 94 82
66 96 69
21 52 78
17 31 57
22 89 58
28 2 36
55 94 1
33 24 78
73 6 68
1 94 5
48 19 14
39 62 100
66 20 11
5 5 86
27 56 28
41 54 55
40 31 94
71 35 27
34 29 29
40 29 19
94 54 91
24 57 9
80 2 41
80 5 56
22 95 30
65 77 35
15 29 66
61 34 14
62 87 92
58 18 38
50 45 96
34 68 35
47 32 85
80 66 44
35 99 22
82 19 81
4 99 34
38 2 57
58 20 9
100 89 79
8 59 6
10 72 100
53 90 67
68 88 23
38 3 52
69 62 92
90 77 46
6 57 10
61 85 22
91 35 47
4 47 1
28 81 52
43 30 26
33 58 9
4 86 31
66 43 12
91 86 25
24 98 37
31 9 91
26 92 27
61 87 41
33 29 79
58 91 89
29 37 5
9 100 8
23 5 33
31 43 35
35 55 45
4 92 13
75 96 31
76 5 76
28 11 21
34 29 37
3 31 48
63 73 6
14 12 58
39 5 38
89 41 20
4 47 5
40 32 40
74 86 76
65 18 82
0 34 29
85 84 21
6 74 32
46 13 25
17 24 45
47 25 9
18 95 60
25 76 48
22 15 99
42 91 58
46 54 18
84 24 17
77 76 20
49 78 52
44 71 96
98 28 93
10 55 27
56 82 23
54 12 86
63 4 15
93 85 66
84 93 54
100 9 27
34 14 7
64 82 82
97 69 86
59 43 87
34 16 89
2 9 3
78 53 78
65 34 26
19 7 99
25 85 66
75 55 81
61 29 41
50 96 59
22 14 70
99 26 64
34 72 75
65 83 43
46 4 73
19 23 85
100 64 45
48 39 20
39 94 64
31 83 25
0 44 99
67 77 35
65 39 45
42 67 86
94 20 21
8 13 21
45 62 57
100 63 3
38 42 11
83 77 98
80 60 28
2 36 39
25 24 95
23 76 96
34 72 48
35 97 48
12 24 3
28 89 30
