1000
35 9 73
58 27 76
89 41 20
20 46 23
49 47 74
79 37 2
12 72 83
28 14 70
91 41 56
59 78 24
78 71 68
73 94 6
5 97 10
78 100 69
3 22 39
2 1 3
39 42 75
1 69 27
11 92 53
10 33 33
38 92 85
13 62 100
73 41 26
31 3 8
32 96 39
25 74 22
91 10 57
88 17 100
78 56 13
69 91 72
74 76 22
74 77 38
38 13 28
7 83 47
45 62 57
2 96 76
35 8 16
46 25 23
7 78 53
0 55 55
18 28 91
100 89 79
17 52 13
56 1 93
96 97 9
28 2 36
42 65 78
59 75 48
86 82 81
59 19 85
97 83 99
39 62 19
16 39 79
69 62 92
94 30 67
40 67 34
81 4 75
45 3 87
27 23 13
19 71 93
66 75 25
8 34 45
78 92 39
73 29 39
72 83 63
81 88 84
50 45 96
30 64 33
35 29 87
100 27 67
100 70 91
48 86 21
18 82 44
12 88 91
23 76 96
0 27 62
31 43 35
4 99 34
61 95 87
16 5 23
98 13 29
75 97 59
16 54 82
7 29 92
31 9 97
71 75 25
100 6 31
8 47 90
0 42 24
46 54 18
88 55 34
38 4 1
76 7 28
89 11 13
48 64 69
53 66 72
41 97 37
66 89 30
53 97 9
82 2 69
45 4 63
75 33 74
66 22 24
54 18 72
51 72 5
72 98 89
49 79 11
8 13 21
22 2 57
23 79 47
95 11 94
79 74 13
16 53 10
92 40 17
44 52 32
41 35 64
52 71 98
1 7 59
16 10 4
25 85 66
78 28 15
2 21 41
64 15 25
36 67 58
10 37 85
56 84 29
63 93 100
79 6 20
15 81 30
98 22 42
1 90 31
46 38 10
25 47 39
81 40 43
80 2 41
1 95 53
23 21 97
48 19 14
91 2 82
77 41 62
12 65 66
6 53 79
48 77 79
99 60 89
34 21 80
13 63 44
49 48 55
67 95 83
72 68 30
53 90 67
54 93 10
70 67 75
5 34 58
55 80 45
5 98 52
44 26 6
70 57 74
2 20 12
62 67 78
72 17 12
82 93 96
83 81 21
47 8 15
1 13 64
23 7 57
73 100 14
60 81 24
54 84 33
47 88 70
54 28 35
73 79 96
34 9 32
99 99 99
55 65 61
12 8 16
79 4 33
97 70 4
93 73 87
59 8 29
32 38 20
37 87 8
95 21 59
28 12 87
88 17 98
67 48 15
95 59 36
81 16 88
7 68 97
37 3 58
74 13 7
47 39 84
90 78 19
30 86 56
14 59 83
80 46 30
13 69 20
99 62 71
22 88 73
92 4 28
40 29 19
14 84 31
6 37 12
85 33 65
38 31 43
42 8 52
22 89 58
43 30 26
45 19 56
1 23 57
21 26 87
4 79 33
69 39 59
81 30 41
7 21 17
0 44 99
36 41 40
17 79 13
24 100 35
54 84 77
94 75 65
42 93 80
17 73 94
34 66 96
29 94 95
93 92 92
48 16 37
5 47 66
62 17 11
88 76 98
86 41 9
11 5 82
53 85 73
33 69 55
34 74 94
71 8 8
62 46 1
82 86 16
13 28 46
60 38 13
100 89 96
43 58 83
27 81 7
67 83 21
1 94 5
80 53 38
57 53 73
2 59 23
46 100 56
100 47 93
75 83 75
16 58 42
36 60 91
77 18 99
12 59 63
75 68 11
3 96 47
27 63 72
33 12 86
51 46 69
17 32 44
89 86 90
79 91 11
38 96 19
3 75 98
73 44 1
82 98 10
84 5 4
55 47 53
67 60 99
5 85 97
100 1 1
97 48 53
3 66 73
93 94 28
67 89 59
77 91 2
15 87 67
82 77 39
14 36 81
59 82 94
99 77 4
13 55 55
13 94 70
66 20 11
60 68 69
94 13 95
14 60 30
2 36 39
82 55 91
43 54 4
67 60 11
8 20 80
0 89 69
43 41 16
14 46 40
16 12 2
98 28 93
17 17 24
99 3 95
94 29 61
13 46 10
2 57 53
9 70 2
87 5 14
31 90 6
35 64 17
95 33 26
33 20 79
97 96 54
91 77 4
70 88 73
99 8 69
29 35 24
21 1 14
90 48 65
58 58 81
67 77 35
22 54 16
43 72 63
28 100 1
97 14 17
53 48 96
84 98 55
54 83 44
4 8 40
66 96 69
100 9 27
73 91 41
62 86 17
34 59 57
97 10 91
0 10 42
42 33 100
26 20 90
53 80 34
88 5 55
11 10 80
83 12 56
11 78 3
8 67 44
96 55 72
76 10 62
26 63 84
7 84 22
70 35 40
89 48 39
100 55 38
36 93 63
89 84 47
46 26 68
38 87 35
29 90 66
96 95 29
8 2 87
83 98 82
53 86 23
68 76 65
15 70 53
75 97 39
27 5 38
44 4 23
30 74 67
27 86 68
14 19 22
27 23 72
65 88 97
0 65 91
7 54 41
29 16 45
84 1 80
72 21 28
77 31 9
50 42 68
20 73 83
49 18 95
30 64 56
81 69 83
90 37 82
3 8 88
2 67 55
95 22 15
31 46 91
74 3 72
49 73 97
61 87 41
18 66 28
90 69 64
26 2 42
34 10 100
6 97 77
17 36 76
49 97 30
50 96 59
99 92 73
30 57 67
64 70 73
71 28 11
93 5 46
98 100 65
31 32 20
34 64 3
94 30 5
88 56 9
27 39 58
54 69 77
37 54 52
30 9 85
28 75 45
35 87 31
51 37 95
55 36 81
52 69 42
82 70 56
75 9 23
81 45 30
6 45 79
81 38 43
2 32 95
64 96 55
13 9 38
58 36 22
57 26 71
94 73 33
42 93 63
97 7 12
44 95 98
59 98 12
71 86 34
61 29 41
97 58 73
13 64 55
77 21 90
4 99 54
21 57 20
11 32 65
82 87 30
98 42 24
34 29 29
33 24 78
83 77 15
4 17 11
66 26 38
22 15 99
94 29 22
80 22 42
47 27 8
55 94 1
70 93 6
40 58 61
49 35 2
36 61 83
50 20 90
10 34 82
12 3 26
57 38 52
38 6 39
84 69 3
90 67 82
55 77 36
56 48 75
74 32 16
20 60 75
69 11 77
71 59 9
52 10 20
12 24 3
95 44 79
37 13 100
33 56 65
51 32 31
71 28 4
34 29 37
99 58 92
70 72 24
74 98 45
82 28 71
60 87 90
28 9 52
87 70 20
25 23 43
67 5 11
81 8 37
71 81 41
5 20 37
57 64 92
17 81 100
21 81 30
34 72 75
34 26 6
4 42 74
97 69 86
29 25 59
93 28 75
46 65 73
80 33 25
47 53 21
25 2 9
42 33 8
42 58 87
51 22 21
8 3 76
35 16 42
22 28 37
3 83 27
25 76 48
5 92 68
80 78 67
92 100 81
82 24 95
46 60 37
100 91 95
48 100 27
54 47 14
38 27 52
64 88 26
48 55 54
1 87 71
57 59 38
7 79 5
100 45 18
55 4 97
0 15 62
87 37 94
89 37 94
99 10 38
6 23 99
33 70 76
82 65 54
4 84 60
73 94 45
51 65 58
4 87 25
47 68 48
22 14 70
39 72 57
51 61 95
20 46 63
36 69 53
32 67 10
20 46 39
85 85 34
44 71 96
21 52 78
79 13 6
2 100 54
4 47 1
17 6 40
38 13 25
9 72 95
10 87 38
37 17 62
83 39 80
10 38 38
12 55 55
56 35 42
90 93 62
4 95 82
10 33 56
72 15 93
70 16 5
46 60 87
68 94 26
70 35 42
18 95 60
64 25 83
65 70 12
17 26 74
96 2 72
98 29 77
51 52 94
100 54 94
63 4 15
67 68 52
63 74 95
58 86 97
76 45 72
66 15 25
80 94 17
6 56 93
91 86 32
38 42 11
96 46 59
85 55 91
93 6 84
24 29 11
11 69 57
91 25 16
87 57 12
32 94 82
91 22 82
76 84 67
52 79 8
50 69 97
64 85 30
71 75 75
61 34 14
33 84 61
35 22 38
65 34 26
0 99 43
34 92 69
83 25 47
23 68 11
39 68 98
68 63 40
89 80 48
5 19 45
28 44 77
29 42 62
41 98 74
21 28 21
59 60 85
52 68 7
88 7 40
68 47 78
3 89 85
23 24 41
74 86 76
11 99 92
15 73 20
6 54 76
34 15 71
11 99 88
90 22 23
20 71 63
51 7 31
35 55 63
100 17 30
56 22 38
21 84 62
38 18 100
95 95 17
14 30 25
96 74 56
96 31 25
100 74 54
15 14 85
31 10 68
40 31 94
41 26 27
94 54 91
63 73 6
17 55 29
9 10 84
68 85 59
67 14 93
91 61 19
18 75 8
48 62 3
72 84 72
67 73 45
22 42 25
77 83 58
91 24 30
16 35 59
60 2 68
96 46 9
97 40 45
100 26 16
67 45 84
54 36 40
100 61 33
65 42 19
85 70 9
11 72 92
46 83 61
34 72 48
93 91 57
98 55 70
24 57 9
60 100 78
17 46 54
100 98 41
38 20 36
29 75 87
85 93 63
90 70 34
100 37 76
66 69 9
2 42 20
94 20 21
20 18 1
14 63 94
84 30 23
52 20 71
98 38 32
90 47 68
87 28 17
16 79 40
78 13 34
48 48 69
13 82 4
53 3 4
0 32 79
31 37 19
7 13 96
100 84 31
82 56 91
39 5 87
100 87 47
24 1 68
25 65 34
83 83 38
7 62 58
67 54 42
81 13 32
67 1 56
19 53 6
28 62 38
0 20 21
63 42 23
83 15 78
41 12 92
2 76 15
39 5 38
59 31 96
54 8 62
18 89 10
24 66 29
37 92 57
91 9 77
84 58 56
7 56 41
93 61 47
38 18 74
14 72 37
95 52 21
57 61 15
47 32 85
81 79 13
66 92 12
54 6 54
5 21 40
74 86 67
15 48 19
25 40 82
13 68 39
28 53 36
72 82 11
67 58 20
35 45 55
24 84 57
100 18 7
90 63 36
16 93 89
61 11 97
99 41 62
91 83 54
93 81 97
10 32 14
55 3 20
34 44 71
74 92 31
77 67 94
64 38 29
18 69 54
0 20 25
56 57 34
73 66 59
99 70 86
100 35 40
51 66 33
35 99 22
42 91 58
81 64 71
82 42 37
33 35 34
61 38 36
5 77 3
21 53 4
58 90 100
49 42 78
90 58 66
68 23 60
29 36 86
99 13 4
1 81 66
66 16 67
38 10 22
38 100 15
19 95 1
28 58 46
39 94 64
0 92 67
93 26 48
10 36 76
7 95 21
30 60 84
61 18 70
87 78 17
2 93 86
60 98 27
0 57 27
34 5 87
82 45 77
19 41 36
17 42 4
1 54 73
20 98 70
57 75 18
91 96 80
34 27 91
13 78 5
55 68 37
37 29 63
60 4 61
17 75 28
79 100 64
87 21 91
68 31 60
41 32 82
73 32 97
57 28 81
85 84 21
73 7 6
7 52 33
39 62 18
54 7 5
33 6 28
47 88 38
79 29 41
7 72 10
15 19 12
63 18 95
82 79 96
52 27 3
61 6 25
55 58 79
69 77 100
60 5 38
44 68 69
36 98 27
82 94 57
49 37 81
56 83 72
10 19 4
84 95 42
38 15 17
7 55 65
37 77 96
98 85 64
44 62 13
1 28 70
91 48 60
54 98 4
78 23 25
60 81 83
19 23 85
100 39 9
84 63 23
97 44 60
21 89 97
65 91 93
14 12 58
100 89 76
12 83 57
6 68 91
93 8 68
92 82 14
19 87 86
41 88 72
89 42 1
16 86 46
95 24 55
76 82 99
87 20 40
25 24 95
62 24 38
64 16 62
78 28 94
17 31 57
33 18 17
37 26 33
19 80 12
8 31 78
63 53 74
19 25 7
54 31 99
36 86 34
57 87 8
52 90 42
100 31 47
71 52 15
76 58 19
24 64 84
43 47 33
67 12 75
53 52 65
53 61 85
75 40 70
93 68 55
79 20 6
84 79 64
86 7 52
4 92 13
97 18 34
2 48 25
61 56 2
10 9 17
98 57 37
32 71 93
50 58 100
59 89 41
72 9 77
73 93 3
8 61 41
21 61 42
44 27 57
58 18 38
33 61 4
22 75 38
10 55 4
60 24 94
26 92 27
16 81 32
33 29 79
14 78 60
97 44 64
41 54 55
79 26 26
41 97 68
27 56 28
19 90 69
25 61 69
80 15 95
90 76 61
8 92 17
13 45 52
39 39 55
44 33 42
40 9 35
85 68 41
31 11 66
86 22 44
23 74 80
97 16 13
7 55 85
32 81 7
48 21 33
28 1 34
5 36 8
55 82 21
2 94 46
17 2 33
56 61 7
96 44 13
20 14 88
33 36 11
84 26 67
27 97 67
46 69 58
57 52 31
28 37 95
32 77 66
35 62 33
85 85 71
79 69 11
35 81 8
17 78 67
1 45 6
14 58 26
85 71 33
0 34 29
40 76 92
61 11 30
28 13 37
81 3 94
49 2 81
8 78 93
18 61 15
79 12 10
3 31 48
25 55 35
71 87 7
30 61 23
22 41 17
60 52 78
90 24 63
16 81 80
19 78 93
62 48 83
5 95 26
75 36 52
100 31 11
51 34 61
47 12 95
92 67 54
54 73 68
34 14 7
38 55 3
22 95 30
29 37 5
6 74 68
86 92 88
97 87 65
55 12 25
32 60 75
65 39 45
19 13 36
29 2 60
