100
2524 79 0.7905681826052038
1 2 0.4
3000 125 0.919826528587413
1343 41 0.7608402479458649
2589 240 0.6825228484528378
1646 52 0.8974630711500904
170 8 0.6319017675821561
2252 120 0.7324201975305211
1840 149 0.8015997375505994
10 5 0.9
3000 27 0.8186760818824159
2941 219 0.750339808465424
2826 68 0.583155897079815
516 3 0.9451494612594615
2728 33 0.6383918982883392
2729 17 0.8468731878912232
235 2 0.7012777925325819
1102 92 0.6995840712669159
1 1 0.4
1069 105 0.8526875524964972
186 10 0.5968818740377626
74 7 0.6831066811432367
2 1 0.5
1258 121 0.6693492295408369
2851 220 0.7194430271173835
870 3 0.6950578028601297
3000 854 0.9720202238293681
2110 8 0.5555001429338475
3000 6 0.6128288993437406
890 35 0.6280920718241658
1459 63 0.912155057992883
3000 50 0.123
1737 40 0.9044518164039779
954 95 0.7355465407789914
233 9 0.9310008919659619
2855 187 0.8236994563582262
41 1 0.6807635623740288
3000 43 0.8371587587474507
2253 180 0.8295270551782878
2552 44 0.6888894507890774
3000 1757 0.9670775954951097
2075 56 0.7484377697168556
3000 135 0.5511401553868309
2150 42 0.5158420224617499
1390 14 0.5106464421058559
3000 121 0.9980522144494091
209 10 0.9360527645900921
3000 195 0.8184633788266845
10 5 0.1
630 6 0.528636897646001
1878 46 0.6060101128687421
1419 14 0.812037008609856
10 12 0.5
1997 30 0.949493527036324
1383 134 0.7627011669660037
2130 125 0.7614268866317455
1684 36 0.9986724786318375
1554 145 0.7637375371019444
1126 44 0.7026319313415608
2328 222 0.6500368771809666
2637 148 0.7415451482506217
1281 107 0.8554390281918967
1076 83 0.7304532287972001
2314 110 0.9268218756869193
301 17 0.8920021303855867
710 32 0.9569925210959231
1568 66 0.6825224946432729
1184 75 0.6250776921074008
3000 62 0.54049556192781
3000 39 0.6214264176481694
3000 50 0.987
262 24 0.5130756742736771
3000 48 0.815240333295067
2 1 0.4
970 5 0.6451701546529596
1040 91 0.6049035620818806
3000 94 0.8689874881448595
3000 68 0.883581865722848
1439 66 0.6935289796922106
1660 69 0.7276434923661332
3000 1235 0.9966125411381052
711 56 0.584366839884684
619 16 0.7522812732377886
1587 60 0.9772950175493536
2417 68 0.5926212191223708
1041 2 0.8621913147859378
1470 80 0.9988095974436877
1355 102 0.842765043937916
3000 160 0.6579502846146681
3000 148 0.9286954412715177
1434 85 0.7232150987967719
2311 142 0.852653804085409
1781 152 0.9664163773412922
3000 132 0.9234418745440136
3000 835 0.9304641233983514
975 39 0.7089957244280294
3000 2462 0.9151227339986332
2799 123 0.6587783696987503
2351 88 0.5184711196810675
1907 85 0.7465906395158777
