100
5 5
991 798 619 738 221
748 265 272 303 985
856 673 295 331 505
926 219 809 611 380
918 811 980 732 951
3 3
102 708 514
28 771 52
765 916 316
10 10
512 137 316 553 660 428 641 856 616 444
20 540 87 363 807 307 934 9 597 184
945 61 327 808 518 304 412 13 91 226
965 89 924 679 401 126 510 795 449 361
982 995 867 162 881 740 4 270 226 255
131 918 918 600 372 155 40 83 744 587
147 885 942 668 62 111 894 287 394 63
808 158 257 481 593 527 525 212 419 411
546 524 907 341 748 847 914 928 273 605
722 918 951 120 165 320 899 255 319 688
5 5
778 815 928 401 21
960 873 859 53 91
31 330 53 82 55
210 713 786 399 8
995 206 998 364 739
3 3
532 483 800
940 411 496
714 213 619
10 10
597 929 998 730 900 214 990 103 587 304
512 76 766 890 868 764 629 11 614 901
129 747 139 48 523 946 323 725 900 263
563 986 49 455 110 621 89 183 270 538
684 285 925 240 519 242 44 206 148 35
619 49 992 724 501 223 308 879 910 209
689 510 878 711 721 272 138 437 604 759
38 292 497 580 978 771 24 852 876 933
74 235 589 205 512 405 848 786 47 734
367 338 702 167 222 599 160 759 350 620
5 5
546 280 828 331 711
465 797 628 844 276
175 705 612 385 994
652 631 118 590 213
437 844 793 325 994
3 3
175 587 259
439 453 673
643 632 586
10 10
453 326 802 171 666 760 207 291 503 778
559 248 424 951 902 549 930 16 132 372
747 244 775 401 875 290 372 402 230 75
444 443 528 584 90 175 723 815 879 36
190 474 801 927 399 743 142 752 840 45
943 13 867 308 347 220 939 762 194 974
361 860 451 101 864 269 775 327 31 494
433 584 767 328 609 162 742 163 536 589
787 949 564 905 873 295 46 734 599 689
500 920 151 448 379 65 268 744 992 347
5 5
129 826 679 568 336
36 856 295 396 86
930 873 275 468 113
668 572 892 785 63
466 458 893 139 722
3 3
132 856 851
635 92 59
381 407 605
10 10
1 493 796 807 120 681 556 613 606 947
910 722 507 325 851 349 105 357 174 628
973 131 480 21 211 556 287 515 214 771
680 718 511 449 699 20 358 957 123 364
963 918 768 136 74 773 978 934 818 452
875 322 33 256 336 341 314 440 39 851
900 519 913 952 8 553 358 634 100 211
401 144 942 515 924 562 611 458 778 196
936 883 472 511 189 807 17 399 457 240
449 897 991 110 355 598 572 170 81 576
5 5
789 220 991 217 354
406 123 52 114 138
527 342 1000 853 964
22 430 336 302 17
76 219 2 181 896
3 3
200 854 458
651 419 165
775 866 403
10 10
637 426 602 312 711 210 622 702 819 159
187 774 690 404 961 634 338 788 108 184
928 645 805 798 950 930 174 540 596 381
893 901 352 992 495 737 294 737 270 54
429 736 921 792 128 675 555 759 771 596
137 668 837 68 412 405 438 755 338 346
91 768 611 109 704 257 437 43 338 153
349 473 324 937 664 860 340 289 24 756
230 96 320 408 224 333 172 300 233 816
443 202 413 553 973 426 414 396 79 961
5 5
825 957 533 911 607
34 341 760 78 337
781 186 941 716 14
675 462 118 563 622
759 351 228 695 744
3 3
405 842 491
799 66 584
693 602 863
10 10
522 130 862 338 675 410 680 479 421 901
188 478 690 866 935 315 20 69 375 493
446 1000 434 279 669 622 313 982 7 377
956 295 842 559 252 494 513 937 519 273
949 836 213 747 188 940 136 278 212 996
89 32 481 522 549 762 424 466 604 524
729 905 573 505 580 61 326 346 466 991
92 541 337 153 498 602 159 176 616 735
549 846 386 189 782 417 999 480 662 461
849 863 552 106 457 985 622 44 20 851
5 5
874 202 488 16 438
848 220 462 633 522
173 925 411 521 406
137 588 712 796 737
732 242 304 60 693
3 3
72 743 894
364 378 47
657 109 598
10 10
734 143 799 316 213 67 936 690 787 588
432 152 928 613 583 256 871 22 655 209
651 419 441 360 571 61 656 431 123 137
94 919 732 725 622 289 214 195 436 361
873 690 209 326 24 305 14 105 984 283
241 227 191 411 950 916 834 891 485 169
958 199 421 998 184 470 996 232 629 103
134 355 506 979 409 639 918 146 984 139
942 643 782 76 961 795 453 814 775 245
748 236 266 4 453 345 403 174 136 544
5 5
231 366 583 783 169
240 471 720 503 661
416 336 513 994 204
297 292 30 559 879
439 897 623 925 147
3 3
104 100 719
950 501 113
604 676 182
10 10
779 759 616 773 913 540 470 401 350 192
949 639 161 691 732 935 905 169 84 643
811 238 523 966 785 873 889 223 933 667
908 574 30 550 291 563 716 611 779 170
185 455 650 750 850 824 415 225 782 236
726 76 178 787 493 461 90 343 806 651
160 19 79 858 381 706 40 910 474 452
807 250 644 641 117 800 674 898 401 383
840 480 621 63 224 226 113 262 197 448
21 911 325 829 924 944 570 271 883 843
5 5
278 461 66 729 134
111 562 237 952 86
918 861 348 121 780
143 586 520 944 672
115 628 477 725 60
3 3
365 843 148
547 51 125
755 844 750
10 10
328 664 47 166 773 585 742 760 84 317
607 164 122 663 605 139 264 761 709 527
338 203 557 950 369 139 805 504 889 307
431 532 940 905 778 459 249 126 93 263
379 311 64 267 884 91 421 436 814 617
98 610 390 932 942 398 903 671 912 912
181 830 305 632 769 532 891 149 958 936
98 895 612 256 908 742 963 534 609 337
221 110 538 576 387 443 916 974 842 456
121 467 584 740 356 149 746 959 668 991
5 5
189 121 573 665 671
854 988 986 508 977
356 182 186 997 596
190 632 561 237 228
320 827 918 610 262
3 3
776 168 129
558 599 925
205 722 925
10 10
383 477 346 116 984 840 463 714 180 376
496 635 547 984 530 307 732 598 334 92
742 99 350 555 599 509 570 138 706 141
131 364 11 508 677 835 296 90 332 969
677 53 109 293 923 913 600 337 499 693
876 536 64 798 781 643 405 550 923 346
467 576 499 970 40 116 660 482 789 7
755 448 683 490 825 173 650 190 423 707
689 238 770 822 373 154 630 788 844 635
422 152 782 684 683 773 445 825 71 610
5 5
607 658 858 723 648
207 407 678 57 531
778 773 716 511 763
279 551 588 54 389
443 43 165 153 425
3 3
292 774 884
123 64 160
201 437 804
10 10
227 962 206 165 419 782 982 493 11 520
487 147 415 817 4 912 610 416 976 999
445 315 167 982 381 416 678 787 135 790
694 527 619 674 775 785 235 728 421 859
750 878 489 99 340 64 350 446 656 971
790 29 792 922 39 594 122 1000 684 447
641 695 845 598 594 474 597 385 151 43
608 20 928 876 447 898 603 272 307 631
820 46 78 141 131 533 600 622 111 260
196 237 483 390 4 643 790 979 302 57
5 5
145 974 265 925 956
147 258 880 377 94
717 31 373 30 29
502 984 413 757 833
453 147 587 829 363
3 3
586 909 748
441 976 515
998 999 902
10 10
758 469 478 894 778 574 630 843 910 257
171 905 590 63 585 732 501 425 712 628
151 558 372 625 280 881 412 398 145 399
997 785 440 545 80 125 542 269 557 13
4 109 844 229 814 538 887 375 16 737
429 270 22 438 786 416 269 345 662 809
710 302 351 138 847 918 230 43 810 457
250 491 374 350 980 960 702 131 849 318
997 513 310 525 238 36 810 120 499 70
303 483 639 772 557 804 406 361 995 290
5 5
261 191 165 443 542
429 353 787 374 182
178 568 522 58 834
774 906 189 686 496
697 196 132 316 427
3 3
541 936 173
837 302 834
410 265 466
10 10
473 24 412 117 5 971 990 119 705 320
625 524 326 52 647 513 475 283 222 776
945 281 302 171 467 591 944 928 488 41
258 564 65 720 160 294 571 239 917 943
670 901 379 465 971 350 315 315 797 209
188 382 387 985 822 729 460 986 456 130
520 942 247 54 856 24 881 177 812 65
487 871 697 636 989 77 842 334 613 246
1000 414 43 592 52 324 322 214 650 640
453 649 860 624 698 389 758 910 187 944
5 5
304 530 158 945 434
114 66 204 828 758
125 208 724 448 300
219 481 521 155 618
556 189 942 460 256
3 3
952 226 612
395 927 305
138 534 739
10 10
650 305 985 421 666 425 421 259 339 240
923 20 589 534 610 38 51 233 157 515
418 199 461 355 182 10 223 265 883 318
964 934 908 278 572 463 538 651 22 481
511 337 432 357 473 778 962 969 356 798
171 35 723 604 529 938 726 669 499 788
107 649 920 578 497 663 504 289 393 429
328 737 659 359 827 607 932 356 894 3
710 585 429 788 116 533 737 903 535 633
49 588 179 91 260 182 759 52 305 908
5 5
841 531 208 239 514
827 892 926 810 82
512 530 381 517 885
453 654 198 601 771
338 381 614 898 763
3 3
694 945 728
824 290 486
267 315 82
10 10
225 403 713 625 377 318 899 505 751 34
67 790 425 872 206 184 2 87 482 840
598 509 430 854 298 419 520 615 473 887
412 281 580 219 794 615 210 198 112 320
652 827 629 197 560 130 355 38 653 522
204 993 693 575 760 435 265 334 144 747
242 936 354 266 226 762 219 721 16 993
937 467 228 494 367 827 266 986 357 205
21 296 541 375 600 214 55 181 397 289
872 348 986 384 717 141 407 542 553 179
5 5
701 924 183 32 644
755 22 825 344 562
722 463 933 933 961
890 236 430 327 635
467 123 155 426 5
3 3
496 159 217
276 36 946
878 839 86
10 10
216 399 811 169 621 666 305 685 324 300
847 160 685 176 620 733 568 1000 766 771
202 555 753 911 129 228 273 281 896 73
405 962 145 208 541 259 949 861 432 181
433 55 362 435 300 351 760 58 614 805
350 388 696 455 464 4 120 291 878 475
706 541 423 206 820 129 208 407 179 1000
616 975 594 828 577 82 74 685 151 347
334 611 539 554 769 573 695 565 29 43
371 257 677 773 674 712 155 855 217 993
5 5
352 38 973 939 345
176 39 975 54 535
679 221 6 171 1000
643 903 671 75 15
184 284 850 835 544
3 3
550 875 868
602 901 874
671 517 804
10 10
745 360 680 339 664 387 803 818 507 469
877 169 334 799 551 701 268 33 873 886
428 481 713 849 856 570 87 153 769 777
382 713 759 461 795 361 475 940 98 881
728 681 805 970 421 532 324 690 336 803
38 495 234 611 895 29 855 675 530 374
535 550 28 86 12 62 854 951 102 933
474 852 616 513 110 290 80 285 627 179
477 402 771 228 106 356 874 88 248 900
630 206 89 437 291 455 69 320 186 687
5 5
101 467 229 586 140
256 180 188 587 9
296 38 43 209 741
398 701 390 378 691
679 133 958 609 970
3 3
989 284 139
789 979 488
894 919 197
10 10
991 747 674 474 475 951 369 156 522 408
159 1000 483 111 620 650 907 735 2 228
257 4 196 480 246 385 622 52 780 185
418 730 804 384 196 485 575 192 204 483
357 564 95 535 177 266 671 119 733 751
715 374 802 39 651 567 250 172 389 294
835 187 809 872 333 572 979 336 9 478
778 488 365 886 989 888 402 367 76 604
45 816 557 799 70 263 469 65 648 977
13 265 433 646 492 966 785 964 162 568
5 5
530 917 903 437 487
953 262 756 467 884
291 139 826 191 404
223 412 548 514 307
927 284 878 523 297
3 3
602 993 625
862 863 865
301 126 334
10 10
781 196 240 907 231 341 206 172 532 284
671 714 522 748 615 329 130 76 104 952
776 704 663 108 93 573 124 771 657 763
14 967 878 464 296 611 990 608 331 956
405 993 338 356 611 287 651 294 264 812
939 473 109 758 24 267 976 102 557 549
150 69 347 28 862 839 185 261 668 596
431 551 911 685 883 607 973 958 909 583
403 279 771 178 730 122 68 824 69 170
632 151 152 144 995 429 889 104 434 125
5 5
451 276 17 390 384
862 271 561 479 824
845 374 571 412 367
935 551 197 969 83
352 170 911 313 866
3 3
818 712 127
69 512 784
613 103 18
10 10
776 831 277 64 951 660 855 999 262 690
418 625 337 139 436 251 227 913 723 463
963 577 744 478 932 216 539 667 525 550
769 974 730 496 7 191 300 338 754 971
647 95 565 848 95 371 828 907 100 835
280 258 582 867 224 886 706 470 485 881
600 902 382 388 619 707 360 993 743 405
877 938 262 108 916 630 654 701 535 301
601 82 209 175 627 378 777 351 837 376
857 53 513 328 342 922 396 145 271 217
5 5
970 237 273 880 598
95 652 923 891 802
624 897 81 840 362
328 481 429 926 604
816 182 881 289 326
3 3
2 635 307
928 3 655
407 206 641
10 10
446 751 63 641 921 88 406 836 276 187
860 206 178 861 931 216 508 428 999 754
721 239 45 204 258 323 197 183 849 656
10 9 746 41 582 668 439 961 695 84
469 655 880 929 116 677 834 17 723 659
625 416 834 265 97 965 510 535 194 944
163 8 811 240 136 779 960 52 298 351
220 50 433 434 434 862 361 758 302 926
758 197 559 620 579 789 68 222 154 432
915 51 731 573 730 979 485 40 619 100
5 5
931 600 786 575 912
933 313 129 433 621
61 720 238 853 160
768 714 625 523 296
567 674 671 447 319
3 3
717 865 639
309 85 500
465 228 294
10 10
214 412 912 180 235 933 418 218 829 668
992 547 343 396 876 467 117 57 406 16
789 427 47 117 979 557 706 285 451 727
309 838 247 983 49 296 303 659 837 768
143 312 487 688 629 363 807 33 680 599
513 62 50 73 397 991 195 135 871 415
382 537 4 466 781 532 836 69 180 142
697 214 795 52 655 826 928 986 584 530
670 629 208 806 580 914 234 550 563 383
394 476 634 886 925 914 178 745 55 132
5 5
704 680 19 119 438
630 216 41 575 455
276 149 367 814 372
768 71 682 778 629
622 408 442 773 268
3 3
326 696 757
367 982 895
127 728 143
10 10
113 615 427 564 977 725 300 403 905 548
716 115 454 870 463 924 633 653 826 474
323 295 222 95 143 843 441 915 542 20
764 653 444 878 547 184 607 619 576 894
335 386 449 410 304 564 305 245 107 948
964 319 812 29 87 403 326 11 125 690
667 235 341 271 634 790 458 970 646 786
480 584 392 492 693 174 134 642 561 63
154 44 471 890 219 989 525 379 735 316
912 770 282 633 643 440 281 872 107 465
5 5
44 195 393 944 899
174 280 122 117 468
97 470 808 785 403
804 386 521 168 603
2 45 437 45 903
3 3
214 364 438
191 678 194
281 285 716
10 10
284 502 39 73 373 18 353 489 630 719
136 923 427 594 312 394 141 363 32 422
871 517 717 400 537 916 311 88 610 294
910 492 91 518 431 636 91 397 98 117
609 300 3 793 976 834 893 430 325 327
281 626 553 55 543 448 534 705 434 416
309 142 26 229 148 53 928 222 344 171
576 436 912 504 603 6 553 906 963 510
137 435 264 542 118 128 754 496 555 554
775 701 47 962 879 333 516 152 321 345
5 5
753 263 776 631 792
979 811 700 654 575
993 219 961 523 743
226 146 28 74 54
521 525 316 559 153
3 3
649 910 693
918 444 882
54 286 256
10 10
188 59 567 401 567 893 266 999 229 243
897 359 541 182 420 215 880 224 154 299
969 542 347 408 682 394 58 505 349 154
650 372 164 916 185 646 882 862 140 842
196 67 416 956 69 562 386 600 841 435
969 453 403 511 35 90 880 124 915 318
280 149 592 707 360 730 124 637 325 795
792 57 640 192 211 344 873 654 490 52
2 75 613 577 705 59 802 889 456 199
570 608 539 256 762 694 509 125 130 95
5 5
153 517 926 838 881
278 574 67 787 792
404 696 870 509 449
324 152 297 995 223
417 225 437 270 231
3 3
764 559 515
546 678 314
39 503 225
10 10
937 596 452 886 159 933 795 717 576 276
474 413 209 889 729 249 908 717 206 807
706 587 970 776 577 646 925 905 111 130
670 162 360 733 881 657 805 568 976 993
418 425 619 533 679 388 683 101 757 241
378 639 486 883 728 521 332 613 636 804
149 204 898 949 517 796 373 474 741 209
4 606 145 91 83 247 676 703 648 15
708 404 845 930 739 99 291 765 202 245
91 189 477 567 110 795 191 680 723 472
5 5
11 480 46 190 936
428 47 383 551 931
125 134 650 950 532
821 773 479 655 269
57 115 203 836 781
3 3
344 192 234
38 354 680
474 660 209
10 10
505 161 487 885 476 87 808 423 942 516
543 410 84 211 414 870 266 987 678 502
990 431 632 411 867 987 866 905 770 217
73 981 698 719 268 606 77 259 661 126
197 712 437 715 205 502 289 610 950 195
516 816 499 540 82 251 437 409 56 19
891 979 290 743 405 255 203 884 283 458
42 41 869 168 342 387 539 775 165 625
117 783 826 106 405 257 749 110 656 318
142 961 473 150 750 97 418 135 447 742
5 5
201 129 774 739 989
216 298 689 620 911
519 869 248 863 752
682 436 915 666 367
337 972 6 199 86
3 3
550 197 158
725 347 853
326 841 602
10 10
236 215 818 944 373 751 277 545 178 466
609 629 314 442 801 135 370 113 327 442
415 724 15 64 920 139 980 406 438 488
45 406 432 635 607 542 277 716 525 473
103 759 464 947 564 885 268 729 458 978
653 787 333 197 271 444 960 400 495 975
108 244 749 472 131 312 837 759 11 134
637 454 295 596 489 620 505 938 143 703
147 17 261 622 67 769 470 410 805 891
304 480 596 824 136 667 877 888 418 627
5 5
774 980 490 743 627
717 703 36 382 313
221 152 8 656 447
126 347 813 770 609
972 854 296 17 973
3 3
785 715 819
695 69 793
237 161 682
10 10
666 84 640 184 921 548 776 741 363 588
860 963 735 817 478 925 435 64 800 49
245 887 163 468 483 935 174 445 424 763
455 482 822 544 822 265 435 461 181 288
74 955 347 48 53 916 455 984 97 429
433 554 64 456 740 371 59 429 351 332
117 20 673 730 147 338 46 781 571 274
899 854 762 82 386 584 772 901 672 61
244 226 903 279 725 801 223 362 845 89
499 894 791 154 283 471 247 685 128 290
5 5
582 468 284 725 643
621 800 543 210 219
844 188 336 347 894
404 619 117 223 59
539 60 414 159 482
3 3
857 201 155
882 679 714
162 680 21
10 10
321 541 106 883 735 140 163 453 167 968
872 378 955 530 437 836 950 252 800 5
205 930 766 122 557 417 958 967 893 791
338 341 338 296 412 477 685 872 52 410
66 173 503 138 777 221 703 728 858 390
204 12 167 725 379 654 537 928 536 109
14 31 135 748 282 298 512 320 945 591
341 217 188 776 539 560 614 864 194 376
658 847 414 451 535 780 407 793 637 769
169 705 96 483 496 153 878 13 894 211
5 5
868 509 425 904 355
205 93 152 849 620
438 942 654 495 289
416 888 220 875 162
379 810 776 451 809
3 3
1 547 63
311 215 153
528 46 970
10 10
728 959 492 741 684 972 670 699 321 227
540 118 473 686 450 612 208 201 692 647
8 319 103 207 289 254 72 693 796 58
630 781 36 971 997 199 332 470 405 608
249 771 517 555 171 43 373 749 777 258
478 542 785 732 73 860 842 888 283 764
14 578 293 558 834 666 331 392 584 931
602 903 377 689 792 179 49 100 440 502
47 906 288 172 967 226 992 431 260 409
605 381 889 425 974 303 615 888 7 771
5 5
248 573 831 667 342
722 281 205 681 751
109 804 2 652 437
197 769 956 902 747
599 947 798 510 102
3 3
328 710 145
619 470 225
801 972 78
10 10
733 719 781 811 753 230 820 168 606 870
990 660 782 191 20 824 519 32 556 557
597 538 775 728 345 573 878 518 669 884
189 205 723 363 470 684 611 510 509 113
991 313 420 596 691 897 530 337 620 586
938 385 575 914 765 771 987 473 706 478
772 139 199 525 929 867 428 695 527 649
649 836 375 855 46 767 332 169 581 806
28 377 611 8 208 632 535 263 50 9
849 966 442 664 590 261 199 968 113 51
5 5
905 242 870 509 163
166 883 639 317 347
301 266 592 602 569
413 979 63 440 691
971 562 282 552 249
3 3
519 393 292
930 141 449
876 672 881
10 10
43 820 564 499 497 260 810 314 56 259
442 477 939 528 118 579 860 99 527 572
132 785 701 96 697 128 841 551 907 937
56 683 844 443 614 817 841 112 204 805
931 819 476 876 437 960 673 919 212 234
888 896 700 305 623 516 181 768 999 473
212 338 618 452 258 214 567 746 225 798
696 444 63 771 773 648 531 281 380 256
80 146 905 828 202 13 526 890 962 809
614 997 300 722 673 345 40 936 85 835
5 5
47 197 317 127 873
960 664 787 789 353
605 656 924 657 502
900 958 407 249 154
472 156 966 433 348
