100
2
200 100 100
2
1000000000 1000000000 1000000000
2
1000000000 100 1
2
250000001 0 1000000000
3
10000 3000 4000 5000
5
3000 100 100 100 100 100
100
1000000000 1000000000 1000000000 1000000000 1000000000 1000000000 1000000000 1000000000 1000000000 1000000000 1000000000 1000000000 1000000000 1000000000 1000000000 1000000000 1000000000 1000000000 1000000000 1000000000 1000000000 1000000000 1000000000 1000000000 1000000000 1000000000 1000000000 1000000000 1000000000 1000000000 1000000000 1000000000 1000000000 1000000000 1000000000 1000000000 1000000000 1000000000 1000000000 1000000000 1000000000 1000000000 1000000000 1000000000 1000000000 1000000000 1000000000 1000000000 1000000000 1000000000 1000000000 1000000000 1000000000 1000000000 1000000000 1000000000 1000000000 1000000000 1000000000 1000000000 1000000000 1000000000 1000000000 1000000000 1000000000 1000000000 1000000000 1000000000 1000000000 1000000000 1000000000 1000000000 1000000000 1000000000 1000000000 1000000000 1000000000 1000000000 1000000000 1000000000 1000000000 1000000000 1000000000 1000000000 1000000000 1000000000 1000000000 1000000000 1000000000 1000000000 1000000000 1000000000 1000000000 1000000000 1000000000 1000000000 1000000000 1000000000 1000000000 1000000000 1000000000
20
119038540 4955479 6551042 4233739 2301518 2519133 436236 1976671 1593106 709408 353527 938970 321378 323965 386518 405540 135400 111660 57272 122401 75477
20
102208858 2110633 1082360 402251 318083 44321 29058 16194 6376 2797 1714 500 293 20 53 13 2 1 1 0 0
20
57088933 1572711 429205 60600 4649 3916 277 62 36 0 1 0 0 0 0 0 0 0 0 0 0
20
100334485 1022185 1777057 874242 184286 583665 358868 125794 60917 82374 32288 26758 14137 11129 5340 4241 613 1655 763 211 132
20
116795898 4834988 3478161 1511455 1328986 463177 336877 356950 220602 108639 34914 22803 26887 20683 5281 10283 730 1620 1640 1622 228
20
110623180 6499176 3850802 5814245 3618377 1635336 2703590 1172784 650107 2533291 2869320 1038939 1139704 1187014 1411752 1113832 893597 399326 588698 309277 434307
50
187301390 7649001 8069997 2838772 3041122 1755212 2790929 2127585 7066694 7849206 4281946 8027248 6261748 2932578 5117454 6583885 2365625 8685167 3170095 9466875 7754184 6220778 5872142 3724337 5988571 2930230 9489070 3399682 9779750 2364668 3595997 8235566 3366677 3216720 9125933 8980165 3589395 7337797 4316384 6641226 9126174 9118788 9813552 2404336 5882784 6369834 3858066 3074027 1514593 5077719 1187934
20
82403387 914065 727759 220259 49255 51150 7922 12973 5061 549 1712 618 170 25 23 10 9 3 1 0 0
68
38553373 3806650 6654995 8147748 7411112 9006339 9275783 6960114 6434570 3866569 2831982 5039507 4657332 5627096 8048701 3229626 4270455 9648838 6818248 9882541 9933062 5936122 4732689 5572917 9538317 4907710 2822251 2465423 1661508 6376269 3205380 9854580 1692368 4222731 8628651 8051387 5600380 5634086 5151662 9981948 3820688 4684372 3035777 1760615 4812792 9948754 3445046 9944234 3038495 2129465 1526754 5723402 9812427 8040563 9928973 4575648 9123607 2000341 4797031 3657659 1626573 1162376 4410756 6235476 2797211 6212503 3155552 1792315 2733000
20
103601080 6686562 1510684 976746 600439 1266789 444421 660551 344821 225355 39322 47715 106327 63183 12641 25512 8906 4422 9222 2187 1631
70
16462913 1685014 4268647 7500222 4413656 4844789 3694089 9566184 9542644 9417900 9536243 7199143 9479654 1189408 7611247 6639576 2255075 6038324 9014709 1597445 1651872 5277595 6522754 8688237 4009588 6579542 5869473 8365714 3872986 3971410 4510346 5808238 7830949 4292782 5407535 8424702 6171661 5095756 1926795 6080363 8028025 1863172 4659894 2321348 9792029 8494829 8789066 5286645 7238575 2195769 5063909 2739769 1474409 4252586 2976984 3344650 7722481 2925087 4667252 5662630 9772507 1732867 5817517 7080590 9242372 9322077 7219614 3225966 5581958 5819298 5295178
20
101187409 1542580 1770962 123661 253783 140094 58976 6678 10656 2378 2532 493 428 34 12 10 9 5 1 1 0
87
5810756 5122277 2634118 2693494 2304660 9376285 2303128 1450409 8293668 5901619 5653395 5211918 2191667 4731300 7949064 5851176 2190228 5739298 8118622 8692744 7420883 5044483 5682130 1141376 1087497 1730527 4682299 5864897 6127971 2544854 8174663 9561155 5821157 2715964 5363433 6049706 2889835 6737793 2993738 5311638 3661391 6201527 2738238 2231176 2174097 1931914 1147149 2319094 5135104 5202216 4056165 6946648 8209309 8267780 3383598 4530000 5834564 1814279 6485954 2087186 4205170 9227339 1752216 6269510 8825492 3090369 8021773 1310890 7361353 4818552 8557752 5980043 8177110 9673757 5314745 8104208 4233068 3895797 5855045 9400165 9242635 3582966 1649073 8234064 1006241 2337552 4587589 2812173
20
106072560 3523951 5219359 1184692 5342159 8128155 2848906 4512328 2064580 5481895 5337175 6330486 2049314 1999163 601925 3945526 3130246 1611424 4023337 3007457 2258521
20
101095215 5295613 1286854 2415553 1330618 315470 195119 585029 519088 230894 45153 234837 156198 63817 53864 74640 27275 35334 16372 6895 11932
20
102904864 5872591 3937985 3019014 2479651 414953 1233116 244587 586626 434096 256198 115170 228125 101403 28396 49349 25106 15839 8667 5690 23683
20
57655291 1292016 528887 106125 30048 4364 841 78 56 10 0 0 0 0 0 0 0 0 0 0 0
100
12062570 9603594 1669290 7048277 9101961 2352219 5423269 6170534 5928427 6936973 9586194 3284104 3247198 9963930 5802855 4161068 3268880 3873275 6996875 2978737 8490816 6184995 2089775 8868951 4449825 1384147 3879355 9858393 4231051 1075900 8168659 4849027 6001469 4611247 6583351 7909469 1694742 3576871 7092001 7183950 2662883 5800481 8566109 9428643 9578113 5969797 2149301 4918948 5600727 6815858 2058481 4029443 6560025 2044751 4943679 2256761 5247476 7924208 7464087 7054965 3115122 8571895 1323593 4586963 4159766 5507264 8177537 5812332 2645040 9336533 5819267 3817213 4120958 8990266 8572613 5152000 9660283 8993669 9245503 9457418 8677797 4889488 4456136 4853544 5716325 6482002 2260901 4767690 9866673 2679528 6204428 1823567 9347103 9840968 3472074 2774792 9656843 2592578 6338884 6105504 1002441
82
4119637 3593920 2969812 1019647 3316549 3386725 1571054 6910653 1060657 2534843 2824428 2153597 3238302 6402632 1722508 6788785 8814553 5738627 3000676 4248815 1411830 8674006 3595264 7331475 4088082 1797625 5598375 5780891 4205307 9186310 2946740 9074836 7214673 1893949 2122923 4438646 1821856 5254910 5207360 2723095 5662024 6215077 9920820 3451991 8230638 9334579 8889793 9405224 2015662 3849415 6929608 7593697 2596816 6111931 6472331 4745657 9532418 3678292 4631638 9366797 7842897 6392511 8993081 6321265 6793345 8191235 5958528 9689127 6270459 5405735 3036280 7417888 4089293 9903434 9679567 7387949 6840548 3638300 9578114 2624194 1360851 3087609 9444515
20
114611951 2836561 1307129 316332 1166466 374711 154525 117046 87949 82945 34941 26959 8500 13741 8294 4835 469 1662 801 454 295
88
18476193 7114054 6546651 9431665 1624763 7759926 3899812 9171369 5511590 5870784 8844197 5815633 1525582 4324497 9589204 6806805 1271876 7894989 2454647 6286707 8192128 6091198 2370755 3841644 6019935 4971991 8138262 6988081 2505129 6903656 9437253 7155614 3485014 1839306 8394809 1377471 1593093 4748938 3632074 5862349 2859490 4420695 8793430 2375736 1645455 4792852 7141581 4236200 1273935 5631115 5484972 5200531 4032025 7075851 9205995 9004610 2349970 1588995 6444022 5376703 5152268 9376736 5111835 7533172 7070743 6162453 8582536 5654980 1612466 5002317 9066378 1207266 8037689 3400046 2692758 2184065 3723711 2553492 8261069 8590559 2802214 2533299 4745536 6592913 3150672 6045434 6141101 4404686 2597355
72
11445060 8143806 7413233 2002439 4256243 7474924 8026604 1779497 4889597 2542289 3976238 7729623 8401653 5518574 8976684 4438950 7425929 2586566 1319425 3798157 8575756 6690398 2449047 7000344 8936742 9878128 1694675 2121834 8131765 1205897 4879984 1325795 1790396 3840646 6184174 6344096 5799166 1360641 5199439 3666533 6939281 6439749 7615959 9885430 3870636 8143707 6299258 5423779 8236321 9995246 6700613 7943355 1092868 3947006 7932340 2902340 6379032 1566721 9225688 3417799 7063256 6771409 1378852 1179723 3286300 8513027 5657572 1822501 5358683 3498703 8512872 9620005 7830965
93
9484395 5509803 7205120 4869498 4880110 6263326 3847700 5739757 4147470 1091697 9598728 2338527 2953553 8848858 3504919 9731312 4220700 4265825 7332239 4422167 9704529 6679875 2559116 7241582 9580999 7037387 2174691 4343549 7668569 8876782 6697183 3987076 4723237 4586946 8591465 7064928 3668366 8829589 3342851 9532513 8442610 4974009 6058836 5899380 2925474 8861549 3344545 4774862 6659342 9538688 1914551 5517986 3515527 4224326 6592473 8589554 3622331 2300419 1547767 9431103 7744680 1755476 5774905 6176206 6847960 2392370 6648489 4549340 3009056 9256872 9356190 5230782 3109126 9408229 5134356 3301814 2839950 9814447 7349528 5278747 4677397 1533875 8244652 8092015 6201038 9419121 9296378 2528328 9224185 8690495 6857641 6776556 5354732 2952648
53
15477726 9776056 5387249 4298395 6498880 1238588 9849226 9569219 6654359 2829803 6978911 9042894 5858806 9562082 8649836 6229556 9316584 9501075 9799325 8482289 5225255 6956332 9469218 1635330 1341894 6873115 4682797 1623855 9358222 1074459 8061786 3107901 5281266 8691420 1833901 5698475 4229103 8466183 7135888 6536718 5310340 1190074 8847048 1726384 7651050 7908402 3628569 6306555 4057698 9482362 8468563 5117974 9588229 7443230
72
44677966 9723258 6457599 6444548 9687934 9112313 9476419 5655319 2883714 4938788 9903742 2327919 6307418 3623879 7383129 3120732 5951608 3448060 3578697 9322195 3434426 7257787 7592543 8451827 3090328 5011074 6481288 4703667 3245551 8414672 7624796 3780480 8037318 3695465 8667340 1515690 4607050 5359250 8278901 5968159 2056292 5280490 2047199 2739741 9649368 7680778 1504135 2454847 9033377 1004723 7561409 4408839 2262252 7030889 2147154 4532561 8032378 6935141 8212154 4803677 9801337 1438026 6124997 2197579 1900616 4598995 2042919 6307209 8893569 3332395 4226780 4481946 5274442
20
100244180 1269955 438197 624570 184852 147188 46985 26111 9722 5013 477 210 396 57 29 18 4 0 0 1 0
20
126373130 4729208 2538598 417589 612424 320039 219671 59383 53270 6335 13928 6708 4325 2358 383 515 371 124 71 53 17
20
102570481 3446590 5239295 4560017 1185258 4538270 1471054 803965 830557 2809183 1469818 1881491 1923713 1079778 694019 593636 826129 251717 241933 179157 488169
87
10602693 2520100 2667441 7690869 1531665 7189031 4185202 1659515 2351692 6576265 6009728 1012475 3446778 2281238 1468849 4750747 6742083 3969363 1472032 5548328 6091721 3060866 4517088 2026210 1300847 9463640 2878723 9594176 6112354 9301783 4993437 3951971 7876570 5887860 4631661 1786789 4911009 7449799 2959408 9693634 2454062 3104690 2823480 5369073 4257678 9113498 8892716 1724684 7151359 3001230 7816232 4257984 9115867 8692942 9951945 3026603 1038781 4802865 4201855 8350072 6284382 1714643 5304120 2500603 6028900 2333245 5913903 2235965 6177593 3079389 8658383 9016395 5182837 7833383 4934102 9434628 4362597 8015173 7695745 8828183 3014045 5121866 9462959 8023133 9575863 5202690 1093061 1688091
62
10387355 3710718 7885995 9285873 9189280 9395336 4764220 4482338 6415250 7619294 3629393 9060519 4914893 9868897 2389268 2722755 6187944 4990788 2885192 8815801 1735316 7878354 5137268 6572294 3094675 5564134 4240273 5654603 6954330 4460941 4604353 7632038 6003126 5306555 9453789 6479319 7886352 1534950 4604146 9751308 3345447 5420417 7456987 6757911 8124708 9570329 3763450 4099432 6575776 2457522 4954888 7775567 7410572 9264911 4359088 7104119 2248238 7148568 4994694 3031715 7279874 6206250 6675008
20
95235721 4676880 4358968 2052589 700905 2160924 1746124 215277 134922 522904 154419 156138 282504 168372 30811 30247 112700 21671 25172 38989 47307
20
107386501 1733787 1588194 752712 141305 84054 70254 26714 1600 4766 1091 1152 388 172 12 34 3 7 1 0 0
69
19432969 8555638 5500431 5612928 9294378 5198518 6852089 1728665 1319025 6197609 1848380 7790157 8992516 6944438 3452802 4012754 3435290 3383152 5206914 6089466 9670889 6209130 2632719 9918173 1460175 8996267 8904621 7239662 7772495 5471905 9050836 9349847 6913867 7105874 3770133 8420770 7986549 4020728 1592675 6323146 5689892 7464678 4494548 1462620 4952595 6895029 6086224 5607632 3398791 6103581 6407245 3021268 8133333 2539244 8701768 6681252 5730324 4755005 9946203 3489242 5336642 5774655 8731020 6603333 1300579 3268649 5973119 4879466 8822890 6089761
88
143622745 5469914 7594887 9992970 2942452 3637359 8310406 8784516 8116977 2184059 7698190 9719231 6611925 1846405 8114043 1765786 3840886 2399406 8979919 5627490 1929175 6822863 5010595 6921015 2993161 1112376 6531424 6465780 5888231 4911826 3740080 3448177 7264629 3613498 4210377 8656138 3586966 5540437 6260831 6891621 6792628 4420413 6120159 2820521 4831767 5789756 5367562 5143156 8384861 1989517 3458961 2947505 7907623 6511364 8006793 8280571 2987714 4497124 3931076 1751221 2594214 3599019 4401357 2244580 4713608 3726392 9174468 8487923 4323106 3454729 5527194 3925635 7219697 5431083 5199810 3520289 2999631 7796032 6735963 3633234 2753739 7754753 7716400 9838583 1192128 5713595 3947210 1332218 8843806
20
98444996 2935738 800279 1736678 686366 270950 185615 114826 131220 23886 23278 9571 8744 8906 5873 1501 1624 444 481 217 184
70
9165919 9304116 5175591 3870509 5460255 9171562 8440880 4975243 6710843 6860977 9965797 1238194 2344245 6498386 6055335 6689071 2824596 5130603 5139853 3090904 6726134 5451261 5205322 5923705 2009857 6172414 1235419 2611027 3210439 5468002 8583889 2976034 7603448 3375301 1777951 7262172 3781853 8746530 7810962 9607714 9225595 5146736 7633166 2836276 9567479 2387648 7083488 3589604 8064034 8265439 7868817 7431437 4198623 4531063 7975361 1418080 6053410 1824007 3992132 4747555 1009073 9559379 5101996 2363534 9825710 2224862 6241966 9297689 6065696 5215901 8567672
20
60940793 2150581 312637 392270 34928 83480 6561 3616 1747 1537 836 534 149 12 45 2 1 0 0 0 0
20
110415196 5567096 5689600 6029396 2795273 3867902 7181398 3603809 7370214 7112028 1627894 7203841 6412383 4367050 5042801 3383585 1990592 4520437 2431424 1837224 2097484
99
14762066 7650630 1096902 9343062 8220360 2485347 9884724 5805431 5569465 7421048 2609950 4547783 3663485 8648763 8443887 5670319 4119439 9517274 5477628 6539294 4786794 5813395 7783684 1033083 4110718 6735625 6053141 3860224 5633897 4668190 6075370 7063190 8883402 5451188 8375843 4496634 5797306 2779680 9852852 2250694 4819300 7932627 4244388 9698592 4872720 8772243 7751410 5591144 1746703 3576992 9802493 4300738 8193783 1417450 6125912 4799532 3323674 2137479 9456068 9864867 9500057 7206366 9785852 7455908 3145605 4730431 4729546 5279300 2311557 4019341 6341378 3035734 3361455 7045083 2894733 7327916 1611026 2087775 9599793 8213387 3408292 7393602 9618508 8755888 7475342 5063985 1011684 2967360 1872623 2492921 4464117 9807706 4674512 3831674 8339981 5306666 7996016 7243272 7906324 7847111
91
7563152 5589455 2427441 6226581 1456663 5050377 1986523 8185461 5798779 3254950 1168535 8010898 4120718 2865805 3537465 2317481 6628337 3859910 7526843 8483011 9735024 3035907 6939760 3081935 8436350 9609724 1694159 6814630 8425823 6905603 5544832 6968623 6663994 4284187 7540132 6150951 2006580 7866242 1302608 1326718 5094033 4084655 1493849 8948007 1482174 5922062 4461751 5466979 4950883 2862413 7904359 3470940 1970171 9078983 7314788 7115791 8219989 3925941 6525303 3916272 6419834 7095979 4917517 5849524 3977711 1999759 7663864 3108626 4653408 2150228 9117113 7620481 5124958 3667243 3259685 7259791 3030681 7945976 5114190 6692793 8984084 2520263 9123275 3222011 7702612 2285787 1024253 2468614 7621656 1984585 4189888 8625122
20
111714108 6497340 3370839 1618530 2876437 1038695 1893288 782988 1023211 389249 433049 131848 138042 197979 53656 38367 119613 13875 27138 44094 13008
20
119593775 2408066 4550871 3663723 2719822 585509 157583 1024626 187856 474030 331712 220150 116843 175078 38633 89389 26766 23964 22834 5502 17738
20
86005603 432903 998937 228387 147960 44845 29255 5137 2251 1252 472 263 91 14 5 5 0 0 0 0 0
20
107438916 1056275 5522922 2508671 2087150 3433168 2956696 679725 1937313 1292287 1885729 423697 642097 1085803 204624 384270 202290 257077 413797 157779 314916
20
79813947 2357227 3472388 1061301 449529 1510442 631127 157683 508501 189530 103787 133976 52177 135807 95441 71278 81264 44348 48398 42646 45766
51
16567130 9497221 6290053 8355966 1664880 4897047 6526488 2626089 1165195 3937573 7094020 7815695 8091906 4272683 1606816 2416259 7117372 7460505 1540229 6537896 7444066 6436221 6305732 5405325 3419383 8613118 1549378 6939472 4715999 5803555 1924916 3158851 9258975 9049604 1678865 1256528 5839769 9472410 9813276 4558894 4352096 2056371 8954516 9432740 3948803 2749589 2542804 2941182 7263029 2221392 2506495 1105334
95
9636901 8321418 6014187 4328654 6760478 1636383 1354666 1706015 4899956 1136014 1685498 2005687 5318115 4262182 4727836 1052954 2020319 9595609 4711390 5388041 8356840 9127537 3473430 1124912 3855687 9783945 6513868 3930077 4289091 6946376 4740944 5556602 5873624 7951944 3632947 8809499 3059136 3159296 5003853 9143000 4167850 7928314 3354621 2374409 3688279 6012751 8606717 2179059 9693571 2132579 6814863 6105423 1452372 3749055 5664092 3050546 1132308 9673559 7780441 3467802 3880553 9053258 7089828 7514743 7431814 5322388 3810236 6196478 3844391 1606565 6725965 2969179 1924173 6660727 1908505 9989055 3676050 7571850 7268658 1826487 4547061 8142500 7280433 6934369 1296079 9776799 6529729 6499345 4790457 3334796 4298309 9367466 3042735 2081336 3098633 1665684
83
20388147 2552813 5700936 2435792 7152670 9949183 3934359 5628007 5647766 2071649 9088949 4745872 5478858 9980395 2784676 3231904 8244742 7821014 5286163 8268724 4682718 6970413 3870974 8926945 5033658 1581116 8606458 7936173 7925756 1345086 3104455 8654808 5434362 3765725 4832669 9191076 3462266 3619645 8448664 2327303 4543921 6405143 5914558 8258184 9255026 8125285 8579532 5026500 2491715 4187220 7552421 9212907 5626764 4546003 9046186 9618092 2887013 8402335 9479461 2761653 2735271 3097947 3914398 6025609 2101715 8732700 8677851 7064314 8895620 2735358 5474248 7964133 4904084 6805608 9683311 9518835 8659426 9113102 6651135 9536704 7010944 4262835 8114835 8365915
70
17594966 9945820 9693981 5632134 7895270 9123072 8955679 3025039 9735635 3729270 7354136 1186016 1654638 3377442 6528702 1047471 4071514 6171577 7474522 6636454 3452930 6108250 2256498 3525008 1041855 8544507 8769384 8691512 2215178 3263335 9709442 4996026 6233028 6927866 2222826 1166799 9144164 4656700 3912282 3910895 4304810 8484074 6350821 5765482 7714754 5609005 8082061 3764478 7775962 6707870 2551086 6601985 4525792 8097237 4379571 2228588 2786737 3619636 7744071 1329154 9832279 9206070 3840506 8028828 6169767 5884821 4625328 5059181 5557984 1635909 3835717
97
9749679 9207007 4571062 9372671 2144288 9283499 4809334 5245157 9463033 7402293 2590008 1201255 4169143 8389534 1657249 3696918 4094255 2667669 3238049 3524636 3392108 7230877 8259354 5878068 7397231 6412259 3214111 9046620 9020520 4722825 1522615 5333066 3050118 8311092 7994519 9784256 6998654 5737810 4987433 8575184 6575806 6010621 5504610 8640936 6625090 7542106 8170765 8124435 7490572 3947589 6094867 1936352 4484804 8027012 8686684 7910937 2819844 1746637 2839299 8393862 7641138 2435445 9259245 2013056 3924748 4862252 9847990 4104544 7914239 7756454 8138895 4707926 6022645 8386169 6270344 2035331 6850668 1196758 1886589 6353026 4290239 4031437 2720482 3066278 7002725 5928046 2012820 6761038 2312383 2937126 3896798 8201045 9021473 2524348 7258197 3588192 7942701 5130387
64
28424423 8641477 6315923 9796663 7094924 2702848 1831464 6337030 7347711 5967142 6091626 8907821 3519291 7720880 3223369 7930081 5089050 9582357 9831414 9539685 1632415 2521449 6222580 3782891 7191044 4039341 6471089 9984516 2753632 1563532 4451007 9449126 6705674 2741051 2233593 5251526 8185895 2736439 3775788 8157277 2708857 8275379 7300156 3298887 6731348 8990628 9417896 7873500 2195020 6436701 5041181 4671828 3084179 6045917 5484065 6221090 2612564 8793085 9971526 2414575 4187906 6349864 2366608 6906138 1552723
20
113209970 7198227 2212745 5340438 2360001 8537282 4150619 7193412 7607254 3028679 2438826 7225007 7369182 5184859 7600890 6399699 3353046 2525379 1910927 2484794 4236653
74
9439828 5753188 7802682 5219132 6976712 5207513 6518192 9983020 8090699 5038048 2786740 8593896 9689256 3308684 4598473 9267705 4173297 9403462 2107236 2913052 9898200 6484745 3666200 1834888 2185649 3771459 3279187 6947147 9076872 9810889 6667458 1974449 9733183 9996030 6060591 7794962 5030526 7330391 9008898 2508470 6999407 3444621 7920665 5447779 7784868 8517302 1737498 1502876 3693677 6566869 9824340 5627705 7333442 3303563 7028060 3895119 6505335 9165327 1491920 8812103 3326621 6132460 9987266 9215332 2679377 4597453 7940151 3550491 4833115 6645472 2506034 4735139 6985074 3993824 6257944
20
115942612 2178314 4897306 4492749 2518011 1452485 2345971 1023899 1559067 1405581 1484382 966166 228605 622355 126477 201555 309274 455887 364250 199705 124523
20
67125496 939874 293072 524934 32583 37276 12207 9506 3369 980 132 112 57 45 14 1 0 0 0 0 0
20
111651058 2460913 2490138 1810035 2147544 771072 294391 783711 506351 150187 29259 174582 105415 24975 49384 9234 28103 9631 3243 7330 3623
20
71485446 2150486 246194 97285 18846 5711 236 86 65 13 4 1 0 0 0 0 0 0 0 0 0
84
19910713 7962182 5792357 3311398 2172018 6187437 4527750 2046004 5984341 5435653 3892829 5450620 3100937 5688585 1375516 1931214 1855369 8657761 6220004 2554826 4460185 2124856 6591009 7946477 1520615 3530216 8578731 7584347 5779259 2534234 6397024 8019984 5322776 4338562 2786061 3361558 3539948 6909590 4367985 4174764 5586556 1282804 7437771 1936783 7424492 2073529 7510408 4943715 2922253 4052679 3979879 1291624 6948494 3375760 9387125 2247744 5276516 3173938 4821060 9648510 3075940 1369145 6108108 2162358 7675395 1341060 2476247 3135522 6285830 6784001 4867790 4480506 5887220 4081529 8033289 5325555 4002631 5418244 8934415 1717357 7727106 2796137 9966919 4868720 2215566
20
77611652 840172 370992 516739 58114 33843 23371 9773 5070 974 306 55 113 6 13 0 1 0 0 0 0
20
103585019 4696624 2241844 583278 1109228 409861 78095 141240 71763 44483 20288 14649 7369 1584 773 1436 295 784 214 239 50
20
99641294 3257543 4155386 359377 345974 913205 265109 78837 40027 137692 93047 44840 46460 29542 15008 7865 8499 2103 898 363 503
55
16183469 8597931 7072433 1631885 4458429 5028512 2342274 3112046 8468298 4791120 1682074 8513185 5578682 2355166 4465365 9433843 1129728 9502891 5300606 2877888 1477121 9188942 5121475 9571859 2159436 3165276 4376886 6815744 4812047 6442604 6701343 1527035 4853215 2797658 7853563 5634440 1141788 3877476 2756439 6924673 8892208 4360674 5439534 4293648 1751851 8853438 3418939 7397793 6893035 7564424 4408587 9716087 4946043 6808146 9068128 5292337
20
110003628 1639192 2097089 6352280 3418406 7035142 7336283 2256839 6683731 1134045 3786537 5009874 5236469 4808152 3930236 4884357 6392662 2577541 5847378 1112579 1336833
20
122370342 2001918 3025644 2431661 5706672 1435274 706519 5505615 5721867 2528950 3086955 4337625 3473757 3907140 2963501 3259663 1486981 1397833 3070008 2655548 1833013
73
9922024 8236164 4904781 4311561 7283051 5386593 4316980 7389407 1762808 3645157 1698948 4694938 8646865 3867105 5642554 6375123 2928958 1178902 2612302 9658222 8564293 7587578 1927797 2651646 5130230 6623634 1929323 1000926 9953160 1149494 7973407 1822915 4316347 9747929 1808465 2500167 8266002 2951851 6127871 3928908 3801214 7506800 8779349 3886996 8102651 2189567 4419346 4753026 2124256 9428764 7832346 4002201 4836494 3811195 9686673 4698565 8451842 3142682 7548224 5996380 6127538 3472910 1208810 5605300 9366051 6967605 8978156 7672445 1358512 9012923 8820471 1197724 2316436 3214159
20
111268778 6747939 2350886 3625736 1389948 987345 994158 366209 1301513 960356 602736 283954 259696 164102 190602 246466 83161 93508 91958 18015 34470
82
19931474 6348168 9167834 8174112 3946539 5534255 9892868 8524505 8535855 7439900 6233900 4479417 4867890 8615953 1392761 9061312 1613710 8418193 2075798 7293841 9722152 7803709 2108369 2956188 4787781 8733204 3223432 8045959 3683259 9238180 4932065 8984902 3852823 8776038 2092570 3907619 4033491 5935202 7963824 8589125 6350665 6633569 8904402 1210411 3508370 2071141 2111940 3510755 8857901 5179185 7371058 6723436 2863356 7457077 3384567 4340671 7889599 3263178 9657653 4351135 7572475 8007429 2502382 3286835 6393583 6379124 4480961 4326411 3978226 1459308 7412671 6239991 3830297 5138068 3242385 6569757 7473510 6827611 2010495 3715785 6769022 8903620 1592705
93
18408209 4385957 3566521 8095575 2625205 2255358 6107892 2867619 3123111 6672510 4576969 9303270 9107151 5244010 1319563 5295746 3002356 5323835 1189291 2181123 6265755 4897387 7624722 4909217 8536284 7941494 4473825 2533377 5637226 5321542 4918506 2961380 8888216 5195244 8042620 3995565 7525492 8210090 7814138 5762567 1113043 7502851 2330421 5505558 5253405 2923603 1998957 9400844 2319892 8512558 3358862 4267167 3151119 5912228 5205631 5722035 1771062 5272744 8266639 4303559 6749437 3342431 4477974 1740397 8247386 4868707 9575137 6145032 9793336 6601947 1488134 7198219 6294329 7865902 4502125 2695791 1694306 8274783 2214778 4845723 5849000 4337558 8423416 3351201 1843454 3170315 1558246 1015646 4111234 1167724 1215350 6055107 3875281 1586469
89
6755566 5043850 5861975 2064801 6976107 7910828 6684329 7572215 8333175 6040092 8943138 3167356 3709305 7593061 9473476 3920963 6285884 4271399 5662453 4952086 9442118 4714098 6746579 1973911 5137504 1642678 2212324 3266819 8151205 7099905 5158738 7385012 2213641 7057382 7399886 7865942 7929934 5500358 6405391 3180126 8515559 9481324 3864457 5377086 4633194 3363069 5152166 6743087 6145901 9390019 7538125 7197880 3014965 1633810 3384059 3703618 6635833 9481196 6432672 5870691 2291612 8627155 2552524 4962179 1124660 8842535 4483258 2096265 3346201 4174018 6976102 2137036 7002798 5112396 4474135 2984651 5867827 4935829 9370310 5962001 2039205 8012934 3595560 8620716 1133203 6494041 4591877 4520962 6164160 5763569
20
105401940 5691158 4683895 5224241 7472163 2980979 3124362 1227289 5531290 1977665 4054372 3424049 3156904 1102656 4052176 1803223 2220593 1977173 4087251 2800275 452299
58
7376697 7611225 1177578 1077333 7033467 3635082 6841566 7666029 5820309 8696168 1598718 3730506 6292104 8931901 5789885 3689376 5045388 4318578 7765773 9033012 1076689 1884823 2279566 7822836 3118301 6904861 6033204 7550836 9169118 5118456 9018563 6708198 7481613 9520478 8773852 1829457 1667842 2109486 3356010 6059598 7792945 8577096 1324143 2388566 9256773 1825732 7368086 5795826 4407415 2101571 4674025 1609713 5467397 3979848 9704804 6838003 9795068 5715034 5930474
20
117208054 2643107 3185564 2341403 1332248 526052 1833061 704259 1950870 967972 1177941 212105 631503 509694 543620 161992 370798 253464 116627 208931 108565
66
11593243 9351184 8609989 5076152 5760469 2918698 7946097 5462680 8636007 4960597 3787185 8479496 1631335 5853129 7008977 1564410 8382637 2628189 5041897 2747515 7142744 8279350 6334355 1083247 4724048 3810585 8657055 7401577 2668000 3002219 7858579 4042111 2188528 5380271 5666131 8072582 8335171 4382963 1769805 9648232 3807783 2686066 1280205 6308146 5069046 7521535 4295586 8472877 8147088 2952890 3044277 5686835 6347401 2049975 9075918 3799343 8198064 3445813 9508955 2339541 6034651 2441913 5358044 4893931 2383413 7913638 6896068
20
121897995 7627175 2429476 5349239 3819960 3600265 3221838 2274291 413807 1831241 248042 548389 700659 344490 156472 378938 474684 455568 188303 158729 94058
91
47269282 1518126 9672667 2744132 7287233 5770496 3652129 6770716 4852844 3608701 8773663 4512551 5537850 5394007 5515708 8139176 5197539 7234592 9222421 8161449 1984633 5264916 8525805 2854484 4320290 7813694 9797362 2104431 6388316 7313757 4191791 2895718 8561678 5537174 9382498 6866090 1773342 3458694 4365554 3320497 2264757 3354386 2748823 2025022 5359344 5518946 5519874 7205971 4114934 4611567 9832299 2765776 1082264 1767716 5871849 8528247 1382808 9588538 4348578 4949126 6193664 7292292 7985173 1032450 8830915 2772918 5673304 3568406 4386336 6604123 6112547 7217229 9790222 7847640 5573457 8246410 7070793 5175562 7451393 7797878 8989456 7465108 1761124 9031783 8110057 7824824 5737416 5431900 5757752 4695728 6779284 7549276
20
97939583 3370112 2255922 1165540 821448 712183 221849 66264 47587 125444 20763 56043 11171 6798 8973 5367 3837 1915 1553 892 299
20
74485309 829521 203708 132006 33910 6028 1378 471 94 29 1 1 0 0 0 0 0 0 0 0 0
20
71545927 1579512 268787 288252 89046 39163 10861 9778 2387 1579 112 48 30 20 4 3 0 0 0 0 0
20
64054409 1980940 281304 41365 33197 2196 1641 480 42 20 5 2 0 0 0 0 0 0 0 0 0
20
76659416 2745589 1011896 272502 157891 37773 32012 5248 3375 1282 154 205 186 66 9 7 5 0 0 0 0
69
37086660 2607179 1704556 2406676 9269548 2757990 4573114 5533612 7330736 9669871 5638226 3564961 4485815 9941987 4136708 4412090 8292150 5364397 5450056 5406220 1488993 3110442 2954387 2314189 2824591 8379825 6592598 8453104 9015222 3077729 6737573 6102144 5976706 5661582 8529145 6173810 2994329 4633748 7840307 8378843 3908013 7826057 6951381 8920426 7908593 3977796 2225170 2997727 6325779 5914516 9377187 8009513 3574468 9972439 5656137 6325173 7643303 5985111 6209981 2976832 9381358 2748651 8455628 2199544 1267898 5679382 5965071 7822086 7188377 6729920
67
6910322 6490857 4403534 2292928 2812838 8799393 3119928 7947823 7399193 5829757 2937019 6809439 9489931 2506911 3612811 5413805 8041747 2012706 2728082 4986898 3828008 1327616 2180397 2841255 9687376 8495334 3722039 4300505 6004892 8497101 5902202 3851401 8119338 5729481 9089287 2141492 8841666 2265407 4530386 4888768 9673457 4074983 1729644 1559984 5088901 2144826 7644500 7552214 4869178 9117788 8477888 6755289 5774964 8368748 1387040 7083096 8195977 2506705 2246352 8099135 6746008 3948098 8697364 5411974 7070850 3034097 8507632 7613917
61
24730191 5168356 6323396 1440084 4688201 7248118 2836066 1832125 1658562 2369101 2132349 4732078 9685508 8386827 7163524 4640464 1440010 9869296 6465975 6399710 2580547 6059304 5988714 1225909 9529003 4656646 9635549 2715576 6559815 7572296 6434954 3910829 8698216 2692945 6596498 9558651 7050733 9183128 3154042 8822687 5068109 6094282 2748623 7725876 1534613 3184282 1902031 5754996 1808270 9723155 9990720 8345360 5455786 9029097 6228806 6680033 4632384 9098265 9315120 6827869 5488790 6255096
20
103826528 1680059 901506 341156 166800 56518 5852 2290 3114 824 253 137 29 20 3 1 1 0 0 0 0
20
128436683 5233957 1751605 311068 642158 208347 134887 92477 52007 30000 3071 6893 3601 2290 1068 108 292 54 95 17 17
92
70982751 2740405 1039984 9775851 8088193 5352558 9680517 4330552 8419265 8499159 1240722 5682115 7840316 4968133 9219800 8226873 6112891 8466852 8137005 7585402 1040359 7896978 3252512 5803381 2487746 5247570 4260229 5672637 1593386 1877666 9405363 6641751 8810690 9175462 8614894 3468014 5123591 8595316 8424853 8977497 6484525 5678294 5537606 5732248 9697516 1066592 8767902 7039440 4277332 1464512 7807652 3705414 2391271 1733396 6313376 4060749 1754250 3574639 2985938 4892214 3944862 5106645 4782350 4843421 3492246 1777029 8031717 8849606 6903493 2194420 4311892 4521899 5049481 4255229 5140354 2789155 2199655 6594111 4155771 7806026 8075925 8542293 5831612 8100474 5250632 4930029 9069395 8766911 4255742 3317167 5799757 9076877 1315553
20
118454751 5707005 3062673 5594214 3618972 4761878 9116433 6625585 5273218 1827490 4487948 6730280 8605502 2654844 1906388 5361112 7982807 4769943 8328846 7759628 3007090
84
22500310 6287208 1949743 2671161 4955312 8475004 2880641 3287559 5389595 1038056 6799628 8329675 4302739 9563737 5430304 6328702 6817578 7438234 2395235 8015776 1021786 7197584 9181531 8380146 6178949 2275379 6112510 8022865 8144463 2887344 7845491 3685512 9298654 9461921 6126627 3031000 2146277 8103962 9892232 6080024 4810989 9692451 9669760 8996286 3945522 7537293 5413420 4476554 2223059 6755291 9146879 6004113 2311184 6941136 6154701 1873764 7763493 5811888 4741399 7988598 8776983 1905066 5648136 8776871 3836197 4451341 7492803 8353562 1494473 8424457 7669017 7293135 1719048 7176608 1044396 4168420 2499402 3840819 4360294 2636772 2632623 3750340 9235378 1318330 6906911
20
102104684 6558671 1081868 1762473 828631 4034833 2651535 906766 1624580 2704629 1714568 1726309 2560560 3156886 2578662 2448800 269813 1030078 526023 1722072 1537442
20
58080441 1561081 72730 56089 7720 3858 564 159 16 3 1 0 0 0 0 0 0 0 0 0 0
20
81622153 3387256 828822 84872 40133 58212 24821 3437 2805 664 48 113 39 15 0 2 0 0 0 0 0
20
37131471 1012196 215270 14842 7415 1552 736 30 22 9 1 0 0 0 0 0 0 0 0 0 0
50
12087230 2861457 7332959 1841447 3754294 6708434 8402886 5479072 7967900 2813259 6294734 9789659 3734625 8840584 2102348 9303356 1783039 9162270 5686536 7703603 4060707 1087678 2460070 5613355 4632125 6354035 4595032 7828968 3669179 4934862 7773614 3554767 4781886 2641240 5626124 7571713 1671766 8497746 7140227 2740120 5128656 3564526 7367290 1271524 7600829 5564306 6451094 1570257 6973657 9414270 2163145
