100
2
200 100 100
2
1000000000 1000000000 1000000000
2
1000000000 100 1
2
250000001 0 1000000000
1
6108201 4955479
2
7207126 5312822 7167863
1
5507489 8489191
1
9370363 4976219
1
7223674 6468568
2
6378967 2758069 1230595
2
5152114 2609136 1836639
1
4832882 5285874
2
11616805 3004672 2366175
2
12743431 9176577 6319725
2
13923139 2484918 411288
1
9104266 7209603
1
9493716 8045402
1
7168180 9674460
2
12619430 4177510 620517
1
1077138 1824517
2
9672373 601083 1212097
2
12233369 2730150 8909236
2
4437380 5997240 1347913
1
4825918 1552438
1
7093506 1871555
2
10696519 2519181 4268132
1
4805120 5670577
2
8833209 7613225 1815436
2
4864811 2802218 2904931
2
16218203 4834988 3478161
2
5402555 4466561 5111441
2
5745822 6420870 3246881
1
6673710 7492356
1
621015 1031891
1
8566917 8917890
1
2902957 4848014
2
14336765 7556451 4777021
1
2700342 2778039
1
7090963 9835759
1
5888343 5363209
2
6998051 6414869 3242485
1
5103344 3028394
1
7529549 7649001
2
4796330 1602345 487274
1
7066693 2829926
2
14288993 6289003 3843491
1
6583883 6136126
1
2024000 3170095
2
7433863 6220778 5872142
1
2696058 2930230
2
12144416 6128091 928464
1
2265104 3366677
1
5460360 8980165
1
3253426 4316384
2
9172591 9118788 9813552
1
5963981 6369834
1
1514591 861372
1
5485170 1280297
1
4087116 1664759
1
3823106 1140814
1
5035282 4986578
1
4752523 8185982
1
4166292 1494343
1
5154841 7911253
2
12954886 6164759 2138507
2
14802741 4651575 3980543
2
8355126 9275783 6960114
2
7871486 2009609 2537641
1
7870859 8048701
1
9648837 7539739
2
7458534 9933062 5936122
1
9416253 9538317
1
2465422 1291772
1
2773344 3205380
2
12851380 1364312 900708
2
10507909 5634086 5151662
2
7720147 3285879 1493724
1
9948753 8733311
1
1697401 3038495
1
5723400 1680649
2
9011085 9928973 4575648
2
8454686 1812503 522174
1
4410751 1009475
2
9368050 3227421 851634
1
6100565 3099630
1
1822371 3186903
1
8188260 4071774
1
4206513 6829270
2
12267240 910076 925766
2
10383523 3032314 676647
1
1906198 2628615
1
7199309 6068135
1
7500221 5858369
1
3694088 3263794
2
8708043 9417900 9536243
2
3307164 1189408 7611247
2
15053031 2554963 1613943
1
5277593 1667131
2
5239313 4009588 6579542
2
4308824 3872986 3971410
