100
2
200 100 100
2
1000000000 1000000000 1000000000
2
1000000000 100 1
2
250000001 0 1000000000
1
6394411 8816663
2
12105422 4965621 7290000
1
5069947 4848919
2
6956231 4607836 2492976
2
6968236 4917389 5111035
1
3527187 5905903
1
4145657 6260822
2
11944209 1935905 4539798
2
12514374 3135474 5186674
1
3666856 5179491
2
8668207 1238550 729389
2
6918418 2603329 9050650
1
3564172 1747702
1
9024160 9894385
1
6325594 2690801
2
5144056 2648075 426705
1
2648565 1571031
1
5227633 5113118
1
6160744 4520686
1
6007298 8399208
1
4275389 2969038
2
12983196 2323991 4490822
2
6543890 3836296 9302343
1
9687856 2220813
1
7518297 9406965
2
3927644 5893346 1901622
2
7990629 4941384 3161635
2
12770276 4305054 877825
2
15504244 5908620 4066523
2
5704363 2550120 358212
2
7275613 856422 414005
2
10720805 1501302 3236455
1
7126931 9496088
1
4624089 2746672
2
12196667 920856 1200408
2
9573778 1690888 1811032
2
7562805 2332662 695092
1
5900492 9557564
2
7564254 6301211 6494569
2
8576105 7971041 1508653
1
2113458 2851848
2
5798717 4281297 950322
2
12764550 3531695 500824
2
3767444 4606735 1393429
2
5892540 2209268 2513825
2
16693372 6656689 9050393
1
3815718 5124502
2
16810603 8638139 5541076
2
4186466 3435875 2500798
1
2383054 1429134
1
2738142 2763891
2
12855261 3593894 433463
2
15888359 5409299 2327579
1
3796544 1709738
2
6127909 3926535 1434419
1
4734286 4736119
2
4923181 1406042 9090661
2
13102669 8763277 4956388
1
9343451 9452748
2
11530217 4311846 1801984
1
3213798 716250
2
9881501 2136576 3644245
2
10318083 6085658 2971149
1
2730854 1208092
1
4630040 6894006
2
6832379 1819615 2136402
1
5388358 8387045
2
11326671 2960324 300640
1
9225340 3271994
2
11053797 1497284 4879695
2
3786499 571497 397761
1
4346456 3394387
1
2871653 3228360
1
6388136 4115475
2
3667346 969669 1715896
1
8597465 7720942
1
1555680 2221961
2
11218645 8077104 9639404
1
6226895 8666869
1
5417754 5166481
1
5562331 1654093
1
1991384 1170150
2
7961278 9887050 5051741
1
5439059 2495409
2
13057778 8963559 6778538
2
10054128 3760986 4280403
2
9633778 1615800 583224
1
6181505 7669430
2
9701440 8263518 1046082
1
4826383 2910343
2
8131804 782956 1299957
1
7482708 7439826
2
12088705 5847399 9078072
2
9143878 555811 501423
2
6189325 5636834 6394898
1
1102033 1742214
